    0.000000E+00       90.000000        1.733906
    0.000000E+00       85.000000        2.017272
    0.000000E+00       80.000000        2.188354
    0.000000E+00       75.000000        2.437356
    0.000000E+00       70.000000        2.662530
    0.000000E+00       65.000000        2.991905
    0.000000E+00       60.000000        3.422699
    0.000000E+00       55.000000        3.757860
    0.000000E+00       50.000000        3.986068
    0.000000E+00       45.000000        4.107892
    0.000000E+00       40.000000        4.185210
    0.000000E+00       35.000000        4.215792
    0.000000E+00       30.000000        4.213849
    0.000000E+00       25.000000        4.206474
    0.000000E+00       20.000000        4.202182
    0.000000E+00       15.000000        4.251455
    0.000000E+00       10.000000        4.361843
    0.000000E+00        5.000000        4.452666
    0.000000E+00    0.000000E+00        4.287499
    0.000000E+00       -5.000000        4.004591
    0.000000E+00      -10.000000        4.238922
    0.000000E+00      -15.000000        4.180196
    0.000000E+00      -20.000000        4.060932
    0.000000E+00      -25.000000        3.969783
    0.000000E+00      -30.000000        3.987371
    0.000000E+00      -35.000000        3.987895
    0.000000E+00      -40.000000        3.990632
    0.000000E+00      -45.000000        3.965834
    0.000000E+00      -50.000000        3.958139
    0.000000E+00      -55.000000        3.954907
    0.000000E+00      -60.000000        3.955752
    0.000000E+00      -65.000000        3.954718
    0.000000E+00      -70.000000        3.956718
    0.000000E+00      -75.000000        3.953629
    0.000000E+00      -80.000000        3.898192
    0.000000E+00      -85.000000        3.837756
    0.000000E+00      -90.000000        3.856400
       15.000000       90.000000        1.789385
       15.000000       85.000000        1.959291
       15.000000       80.000000        2.147703
       15.000000       75.000000        2.384864
       15.000000       70.000000        2.509664
       15.000000       65.000000        2.811030
       15.000000       60.000000        3.366886
       15.000000       55.000000        3.735856
       15.000000       50.000000        3.969203
       15.000000       45.000000        4.089196
       15.000000       40.000000        4.156837
       15.000000       35.000000        4.168943
       15.000000       30.000000        4.177665
       15.000000       25.000000        4.174138
       15.000000       20.000000        4.207246
       15.000000       15.000000        4.299232
       15.000000       10.000000        4.439291
       15.000000        5.000000        4.372257
       15.000000    0.000000E+00        4.009045
       15.000000       -5.000000        4.148171
       15.000000      -10.000000        4.182088
       15.000000      -15.000000        4.081501
       15.000000      -20.000000        3.970683
       15.000000      -25.000000        3.954550
       15.000000      -30.000000        3.969290
       15.000000      -35.000000        3.978059
       15.000000      -40.000000        3.971304
       15.000000      -45.000000        3.960281
       15.000000      -50.000000        3.957495
       15.000000      -55.000000        3.954293
       15.000000      -60.000000        3.953730
       15.000000      -65.000000        3.954743
       15.000000      -70.000000        3.964456
       15.000000      -75.000000        3.957626
       15.000000      -80.000000        3.874247
       15.000000      -85.000000        3.880250
       15.000000      -90.000000        3.906010
       30.000000       90.000000        1.858394
       30.000000       85.000000        1.987280
       30.000000       80.000000        2.218354
       30.000000       75.000000        2.322880
       30.000000       70.000000        2.179217
       30.000000       65.000000        2.747981
       30.000000       60.000000        3.307113
       30.000000       55.000000        3.729267
       30.000000       50.000000        3.942383
       30.000000       45.000000        4.051062
       30.000000       40.000000        4.108427
       30.000000       35.000000        4.133846
       30.000000       30.000000        4.148799
       30.000000       25.000000        4.176058
       30.000000       20.000000        4.251984
       30.000000       15.000000        4.378715
       30.000000       10.000000        4.398932
       30.000000        5.000000        4.137386
       30.000000    0.000000E+00        4.000153
       30.000000       -5.000000        4.166690
       30.000000      -10.000000        4.105719
       30.000000      -15.000000        3.996374
       30.000000      -20.000000        3.934276
       30.000000      -25.000000        3.944177
       30.000000      -30.000000        3.959070
       30.000000      -35.000000        3.965677
       30.000000      -40.000000        3.962331
       30.000000      -45.000000        3.957757
       30.000000      -50.000000        3.954190
       30.000000      -55.000000        3.950215
       30.000000      -60.000000        3.943086
       30.000000      -65.000000        3.949600
       30.000000      -70.000000        3.963173
       30.000000      -75.000000        3.910181
       30.000000      -80.000000        3.876840
       30.000000      -85.000000        3.921571
       30.000000      -90.000000        3.939712
       45.000000       90.000000        1.918945
       45.000000       85.000000        2.126489
       45.000000       80.000000        2.302952
       45.000000       75.000000        2.102426
       45.000000       70.000000        2.105337
       45.000000       65.000000        2.605572
       45.000000       60.000000        3.279013
       45.000000       55.000000        3.699600
       45.000000       50.000000        3.921729
       45.000000       45.000000        4.027822
       45.000000       40.000000        4.074883
       45.000000       35.000000        4.110216
       45.000000       30.000000        4.132557
       45.000000       25.000000        4.190402
       45.000000       20.000000        4.308089
       45.000000       15.000000        4.451667
       45.000000       10.000000        4.268867
       45.000000        5.000000        3.865223
       45.000000    0.000000E+00        4.127085
       45.000000       -5.000000        4.127790
       45.000000      -10.000000        4.022621
       45.000000      -15.000000        3.936312
       45.000000      -20.000000        3.935549
       45.000000      -25.000000        3.948448
       45.000000      -30.000000        3.952493
       45.000000      -35.000000        3.963076
       45.000000      -40.000000        3.960567
       45.000000      -45.000000        3.958530
       45.000000      -50.000000        3.949088
       45.000000      -55.000000        3.940833
       45.000000      -60.000000        3.937791
       45.000000      -65.000000        3.942757
       45.000000      -70.000000        3.925530
       45.000000      -75.000000        3.866287
       45.000000      -80.000000        3.912298
       45.000000      -85.000000        3.956288
       45.000000      -90.000000        3.956905
       60.000000       90.000000        2.067511
       60.000000       85.000000        2.299392
       60.000000       80.000000        2.180955
       60.000000       75.000000        1.859267
       60.000000       70.000000        1.904096
       60.000000       65.000000        2.556767
       60.000000       60.000000        3.250383
       60.000000       55.000000        3.686896
       60.000000       50.000000        3.900377
       60.000000       45.000000        3.993086
       60.000000       40.000000        4.050406
       60.000000       35.000000        4.089445
       60.000000       30.000000        4.136755
       60.000000       25.000000        4.233959
       60.000000       20.000000        4.366413
       60.000000       15.000000        4.332162
       60.000000       10.000000        4.024179
       60.000000        5.000000        3.946776
       60.000000    0.000000E+00        4.104934
       60.000000       -5.000000        4.063238
       60.000000      -10.000000        3.970000
       60.000000      -15.000000        3.928350
       60.000000      -20.000000        3.940905
       60.000000      -25.000000        3.952377
       60.000000      -30.000000        3.960148
       60.000000      -35.000000        3.967405
       60.000000      -40.000000        3.964988
       60.000000      -45.000000        3.961848
       60.000000      -50.000000        3.948045
       60.000000      -55.000000        3.938089
       60.000000      -60.000000        3.932482
       60.000000      -65.000000        3.926456
       60.000000      -70.000000        3.865659
       60.000000      -75.000000        3.894523
       60.000000      -80.000000        3.946454
       60.000000      -85.000000        3.986632
       60.000000      -90.000000        3.958703
       75.000000       90.000000        2.247754
       75.000000       85.000000        2.130393
       75.000000       80.000000        1.961763
       75.000000       75.000000        1.562347
       75.000000       70.000000        1.662508
       75.000000       65.000000        2.570798
       75.000000       60.000000        3.304927
       75.000000       55.000000        3.698339
       75.000000       50.000000        3.887412
       75.000000       45.000000        3.979194
       75.000000       40.000000        4.034690
       75.000000       35.000000        4.075389
       75.000000       30.000000        4.148871
       75.000000       25.000000        4.274927
       75.000000       20.000000        4.405403
       75.000000       15.000000        4.210969
       75.000000       10.000000        3.840099
       75.000000        5.000000        4.030256
       75.000000    0.000000E+00        4.094708
       75.000000       -5.000000        4.020370
       75.000000      -10.000000        3.933939
       75.000000      -15.000000        3.930717
       75.000000      -20.000000        3.948507
       75.000000      -25.000000        3.956385
       75.000000      -30.000000        3.970299
       75.000000      -35.000000        3.970050
       75.000000      -40.000000        3.972434
       75.000000      -45.000000        3.964278
       75.000000      -50.000000        3.955593
       75.000000      -55.000000        3.940533
       75.000000      -60.000000        3.930467
       75.000000      -65.000000        3.894745
       75.000000      -70.000000        3.883043
       75.000000      -75.000000        3.931259
       75.000000      -80.000000        3.981678
       75.000000      -85.000000        4.005744
       75.000000      -90.000000        3.953820
       90.000000       90.000000        2.068423
       90.000000       85.000000        1.783427
       90.000000       80.000000        1.573059
       90.000000       75.000000        1.364899
       90.000000       70.000000        1.648824
       90.000000       65.000000        2.584780
       90.000000       60.000000        3.325372
       90.000000       55.000000        3.683393
       90.000000       50.000000        3.859138
       90.000000       45.000000        3.945776
       90.000000       40.000000        4.013510
       90.000000       35.000000        4.068910
       90.000000       30.000000        4.162603
       90.000000       25.000000        4.299835
       90.000000       20.000000        4.366320
       90.000000       15.000000        4.091807
       90.000000       10.000000        3.818156
       90.000000        5.000000        4.043555
       90.000000    0.000000E+00        4.081899
       90.000000       -5.000000        3.999614
       90.000000      -10.000000        3.920959
       90.000000      -15.000000        3.934869
       90.000000      -20.000000        3.954268
       90.000000      -25.000000        3.962892
       90.000000      -30.000000        3.977585
       90.000000      -35.000000        3.975889
       90.000000      -40.000000        3.979295
       90.000000      -45.000000        3.969295
       90.000000      -50.000000        3.963324
       90.000000      -55.000000        3.947587
       90.000000      -60.000000        3.933776
       90.000000      -65.000000        3.893399
       90.000000      -70.000000        3.911912
       90.000000      -75.000000        3.970052
       90.000000      -80.000000        4.004393
       90.000000      -85.000000        4.007597
       90.000000      -90.000000        3.931202
      105.000000       90.000000        1.567599
      105.000000       85.000000        1.324289
      105.000000       80.000000        1.243306
      105.000000       75.000000        1.204182
      105.000000       70.000000        1.632499
      105.000000       65.000000        2.517130
      105.000000       60.000000        3.253901
      105.000000       55.000000        3.685655
      105.000000       50.000000        3.873044
      105.000000       45.000000        3.973285
      105.000000       40.000000        4.046737
      105.000000       35.000000        4.106668
      105.000000       30.000000        4.204909
      105.000000       25.000000        4.333674
      105.000000       20.000000        4.331251
      105.000000       15.000000        4.021927
      105.000000       10.000000        3.840987
      105.000000        5.000000        4.030647
      105.000000    0.000000E+00        4.066602
      105.000000       -5.000000        3.988096
      105.000000      -10.000000        3.920376
      105.000000      -15.000000        3.937911
      105.000000      -20.000000        3.959763
      105.000000      -25.000000        3.972526
      105.000000      -30.000000        3.986025
      105.000000      -35.000000        3.986830
      105.000000      -40.000000        3.988571
      105.000000      -45.000000        3.981069
      105.000000      -50.000000        3.975205
      105.000000      -55.000000        3.963459
      105.000000      -60.000000        3.948208
      105.000000      -65.000000        3.922558
      105.000000      -70.000000        3.958923
      105.000000      -75.000000        4.011633
      105.000000      -80.000000        4.013628
      105.000000      -85.000000        3.993356
      105.000000      -90.000000        3.899773
      120.000000       90.000000        1.192465
      120.000000       85.000000    8.872920E-01
      120.000000       80.000000    9.545501E-01
      120.000000       75.000000        1.084198
      120.000000       70.000000        1.599901
      120.000000       65.000000        2.473562
      120.000000       60.000000        3.217330
      120.000000       55.000000        3.651420
      120.000000       50.000000        3.855673
      120.000000       45.000000        3.967131
      120.000000       40.000000        4.040804
      120.000000       35.000000        4.105634
      120.000000       30.000000        4.205971
      120.000000       25.000000        4.336946
      120.000000       20.000000        4.339109
      120.000000       15.000000        4.027642
      120.000000       10.000000        3.836425
      120.000000        5.000000        4.033286
      120.000000    0.000000E+00        4.089167
      120.000000       -5.000000        4.016582
      120.000000      -10.000000        3.937432
      120.000000      -15.000000        3.943816
      120.000000      -20.000000        3.970570
      120.000000      -25.000000        3.984928
      120.000000      -30.000000        3.998819
      120.000000      -35.000000        3.999323
      120.000000      -40.000000        4.000491
      120.000000      -45.000000        3.993009
      120.000000      -50.000000        3.988412
      120.000000      -55.000000        3.979438
      120.000000      -60.000000        3.971675
      120.000000      -65.000000        3.944469
      120.000000      -70.000000        3.974659
      120.000000      -75.000000        4.029291
      120.000000      -80.000000        4.013441
      120.000000      -85.000000        3.969599
      120.000000      -90.000000        3.876078
      135.000000       90.000000        1.165251
      135.000000       85.000000    6.648661E-01
      135.000000       80.000000    5.677881E-01
      135.000000       75.000000    6.816482E-01
      135.000000       70.000000        1.001740
      135.000000       65.000000        1.658652
      135.000000       60.000000        2.447633
      135.000000       55.000000        3.078738
      135.000000       50.000000        3.455303
      135.000000       45.000000        3.685345
      135.000000       40.000000        3.833082
      135.000000       35.000000        3.932411
      135.000000       30.000000        4.069280
      135.000000       25.000000        4.234826
      135.000000       20.000000        4.290438
      135.000000       15.000000        3.966326
      135.000000       10.000000        3.720905
      135.000000        5.000000        3.931777
      135.000000    0.000000E+00        4.094461
      135.000000       -5.000000        4.048865
      135.000000      -10.000000        3.944497
      135.000000      -15.000000        3.915280
      135.000000      -20.000000        3.940842
      135.000000      -25.000000        3.956638
      135.000000      -30.000000        3.973069
      135.000000      -35.000000        3.973164
      135.000000      -40.000000        3.976739
      135.000000      -45.000000        3.967523
      135.000000      -50.000000        3.969511
      135.000000      -55.000000        3.967081
      135.000000      -60.000000        3.982544
      135.000000      -65.000000        3.943811
      135.000000      -70.000000        3.960161
      135.000000      -75.000000        3.992731
      135.000000      -80.000000        4.002064
      135.000000      -85.000000        3.945077
      135.000000      -90.000000        3.841885
      150.000000       90.000000        1.353587
      150.000000       85.000000    7.879182E-01
      150.000000       80.000000    5.400227E-01
      150.000000       75.000000    7.028287E-01
      150.000000       70.000000        1.070711
      150.000000       65.000000        1.751508
      150.000000       60.000000        2.555177
      150.000000       55.000000        3.135371
      150.000000       50.000000        3.492139
      150.000000       45.000000        3.706946
      150.000000       40.000000        3.831306
      150.000000       35.000000        3.939075
      150.000000       30.000000        4.066210
      150.000000       25.000000        4.230712
      150.000000       20.000000        4.343612
      150.000000       15.000000        4.116963
      150.000000       10.000000        3.807916
      150.000000        5.000000        3.935343
      150.000000    0.000000E+00        4.145860
      150.000000       -5.000000        4.156694
      150.000000      -10.000000        4.036985
      150.000000      -15.000000        3.965641
      150.000000      -20.000000        3.960422
      150.000000      -25.000000        3.972359
      150.000000      -30.000000        3.984993
      150.000000      -35.000000        3.985624
      150.000000      -40.000000        3.983608
      150.000000      -45.000000        3.976067
      150.000000      -50.000000        3.972518
      150.000000      -55.000000        3.970784
      150.000000      -60.000000        3.977171
      150.000000      -65.000000        3.962396
      150.000000      -70.000000        3.943904
      150.000000      -75.000000        3.950420
      150.000000      -80.000000        3.969619
      150.000000      -85.000000        3.916939
      150.000000      -90.000000        3.820504
      165.000000       90.000000        1.543768
      165.000000       85.000000        1.169765
      165.000000       80.000000    6.859517E-01
      165.000000       75.000000    7.080751E-01
      165.000000       70.000000        1.114504
      165.000000       65.000000        1.778368
      165.000000       60.000000        2.520408
      165.000000       55.000000        3.148808
      165.000000       50.000000        3.553394
      165.000000       45.000000        3.742388
      165.000000       40.000000        3.861615
      165.000000       35.000000        3.965664
      165.000000       30.000000        4.072310
      165.000000       25.000000        4.214583
      165.000000       20.000000        4.361313
      165.000000       15.000000        4.315156
      165.000000       10.000000        3.995966
      165.000000        5.000000        3.868926
      165.000000    0.000000E+00        4.153664
      165.000000       -5.000000        4.262719
      165.000000      -10.000000        4.164644
      165.000000      -15.000000        4.022011
      165.000000      -20.000000        3.985787
      165.000000      -25.000000        3.988776
      165.000000      -30.000000        3.991539
      165.000000      -35.000000        3.995187
      165.000000      -40.000000        3.989538
      165.000000      -45.000000        3.985170
      165.000000      -50.000000        3.976657
      165.000000      -55.000000        3.968173
      165.000000      -60.000000        3.967436
      165.000000      -65.000000        3.970395
      165.000000      -70.000000        3.936392
      165.000000      -75.000000        3.966772
      165.000000      -80.000000        3.977537
      165.000000      -85.000000        3.898454
      165.000000      -90.000000        3.807978
      180.000000       90.000000        1.313448
      180.000000       85.000000        1.197386
      180.000000       80.000000    9.301252E-01
      180.000000       75.000000    7.152704E-01
      180.000000       70.000000        1.010771
      180.000000       65.000000        1.692674
      180.000000       60.000000        2.444164
      180.000000       55.000000        3.087181
      180.000000       50.000000        3.538824
      180.000000       45.000000        3.797619
      180.000000       40.000000        3.904731
      180.000000       35.000000        4.000215
      180.000000       30.000000        4.084905
      180.000000       25.000000        4.197267
      180.000000       20.000000        4.366156
      180.000000       15.000000        4.472977
      180.000000       10.000000        4.233238
      180.000000        5.000000        3.875524
      180.000000    0.000000E+00        4.098907
      180.000000       -5.000000        4.325537
      180.000000      -10.000000        4.288200
      180.000000      -15.000000        4.115750
      180.000000      -20.000000        4.023040
      180.000000      -25.000000        4.005116
      180.000000      -30.000000        4.000772
      180.000000      -35.000000        4.000630
      180.000000      -40.000000        3.996423
      180.000000      -45.000000        3.989194
      180.000000      -50.000000        3.980813
      180.000000      -55.000000        3.972151
      180.000000      -60.000000        3.965451
      180.000000      -65.000000        3.955629
      180.000000      -70.000000        3.945452
      180.000000      -75.000000        3.954712
      180.000000      -80.000000        3.981017
      180.000000      -85.000000        3.895396
      180.000000      -90.000000        3.790202
      195.000000       90.000000        1.308012
      195.000000       85.000000        1.263792
      195.000000       80.000000        1.163292
      195.000000       75.000000    8.084562E-01
      195.000000       70.000000        1.036786
      195.000000       65.000000        1.657453
      195.000000       60.000000        2.411216
      195.000000       55.000000        3.041329
      195.000000       50.000000        3.498328
      195.000000       45.000000        3.788938
      195.000000       40.000000        3.943947
      195.000000       35.000000        4.038085
      195.000000       30.000000        4.114011
      195.000000       25.000000        4.196573
      195.000000       20.000000        4.322104
      195.000000       15.000000        4.473940
      195.000000       10.000000        4.465233
      195.000000        5.000000        4.144553
      195.000000    0.000000E+00        3.906708
      195.000000       -5.000000        4.272795
      195.000000      -10.000000        4.387709
      195.000000      -15.000000        4.247390
      195.000000      -20.000000        4.053183
      195.000000      -25.000000        4.009840
      195.000000      -30.000000        4.010715
      195.000000      -35.000000        4.003578
      195.000000      -40.000000        4.002522
      195.000000      -45.000000        3.992839
      195.000000      -50.000000        3.987541
      195.000000      -55.000000        3.970709
      195.000000      -60.000000        3.962531
      195.000000      -65.000000        3.945962
      195.000000      -70.000000        3.933557
      195.000000      -75.000000        3.936236
      195.000000      -80.000000        3.997000
      195.000000      -85.000000        3.910444
      195.000000      -90.000000        3.775262
      210.000000       90.000000        1.329462
      210.000000       85.000000        1.346282
      210.000000       80.000000        1.309035
      210.000000       75.000000        1.106816
      210.000000       70.000000        1.085007
      210.000000       65.000000        1.669534
      210.000000       60.000000        2.423857
      210.000000       55.000000        3.042625
      210.000000       50.000000        3.496669
      210.000000       45.000000        3.776515
      210.000000       40.000000        3.971941
      210.000000       35.000000        4.067218
      210.000000       30.000000        4.137710
      210.000000       25.000000        4.198734
      210.000000       20.000000        4.287134
      210.000000       15.000000        4.437491
      210.000000       10.000000        4.551596
      210.000000        5.000000        4.403891
      210.000000    0.000000E+00        4.022595
      210.000000       -5.000000        4.097520
      210.000000      -10.000000        4.369410
      210.000000      -15.000000        4.351340
      210.000000      -20.000000        4.166089
      210.000000      -25.000000        4.039612
      210.000000      -30.000000        4.016345
      210.000000      -35.000000        4.013952
      210.000000      -40.000000        4.006718
      210.000000      -45.000000        3.998379
      210.000000      -50.000000        3.989385
      210.000000      -55.000000        3.975871
      210.000000      -60.000000        3.961567
      210.000000      -65.000000        3.944407
      210.000000      -70.000000        3.921558
      210.000000      -75.000000        3.904474
      210.000000      -80.000000        3.928362
      210.000000      -85.000000        3.921896
      210.000000      -90.000000        3.773450
      225.000000       90.000000        1.360364
      225.000000       85.000000        1.492091
      225.000000       80.000000        1.483596
      225.000000       75.000000        1.443975
      225.000000       70.000000        1.297938
      225.000000       65.000000        1.700081
      225.000000       60.000000        2.429577
      225.000000       55.000000        3.037499
      225.000000       50.000000        3.486305
      225.000000       45.000000        3.786065
      225.000000       40.000000        4.007154
      225.000000       35.000000        4.104470
      225.000000       30.000000        4.169639
      225.000000       25.000000        4.214314
      225.000000       20.000000        4.272429
      225.000000       15.000000        4.375777
      225.000000       10.000000        4.541101
      225.000000        5.000000        4.599185
      225.000000    0.000000E+00        4.329372
      225.000000       -5.000000        3.863137
      225.000000      -10.000000        4.305672
      225.000000      -15.000000        4.443851
      225.000000      -20.000000        4.281284
      225.000000      -25.000000        4.068615
      225.000000      -30.000000        4.021626
      225.000000      -35.000000        4.016998
      225.000000      -40.000000        4.011482
      225.000000      -45.000000        4.003751
      225.000000      -50.000000        3.991124
      225.000000      -55.000000        3.975603
      225.000000      -60.000000        3.960478
      225.000000      -65.000000        3.942862
      225.000000      -70.000000        3.919233
      225.000000      -75.000000        3.889907
      225.000000      -80.000000        3.841391
      225.000000      -85.000000        3.896802
      225.000000      -90.000000        3.794755
      240.000000       90.000000        1.402050
      240.000000       85.000000        1.550476
      240.000000       80.000000        1.635309
      240.000000       75.000000        1.680485
      240.000000       70.000000        1.649802
      240.000000       65.000000        1.723431
      240.000000       60.000000        2.429369
      240.000000       55.000000        3.044175
      240.000000       50.000000        3.518760
      240.000000       45.000000        3.822681
      240.000000       40.000000        3.995582
      240.000000       35.000000        4.105707
      240.000000       30.000000        4.181558
      240.000000       25.000000        4.231426
      240.000000       20.000000        4.278047
      240.000000       15.000000        4.351393
      240.000000       10.000000        4.487348
      240.000000        5.000000        4.605953
      240.000000    0.000000E+00        4.507543
      240.000000       -5.000000        4.108812
      240.000000      -10.000000        4.099480
      240.000000      -15.000000        4.396876
      240.000000      -20.000000        4.367518
      240.000000      -25.000000        4.172706
      240.000000      -30.000000        4.041986
      240.000000      -35.000000        4.019602
      240.000000      -40.000000        4.014140
      240.000000      -45.000000        4.005727
      240.000000      -50.000000        3.993458
      240.000000      -55.000000        3.976927
      240.000000      -60.000000        3.959137
      240.000000      -65.000000        3.939909
      240.000000      -70.000000        3.914942
      240.000000      -75.000000        3.885085
      240.000000      -80.000000        3.847802
      240.000000      -85.000000        3.778495
      240.000000      -90.000000        3.805248
      255.000000       90.000000        1.463495
      255.000000       85.000000        1.545515
      255.000000       80.000000        1.642610
      255.000000       75.000000        1.837366
      255.000000       70.000000        1.874864
      255.000000       65.000000        1.964839
      255.000000       60.000000        2.423886
      255.000000       55.000000        3.063253
      255.000000       50.000000        3.543082
      255.000000       45.000000        3.836264
      255.000000       40.000000        3.985381
      255.000000       35.000000        4.108141
      255.000000       30.000000        4.194298
      255.000000       25.000000        4.250189
      255.000000       20.000000        4.289782
      255.000000       15.000000        4.339292
      255.000000       10.000000        4.436859
      255.000000        5.000000        4.590059
      255.000000    0.000000E+00        4.628476
      255.000000       -5.000000        4.359440
      255.000000      -10.000000        3.907759
      255.000000      -15.000000        4.362746
      255.000000      -20.000000        4.434082
      255.000000      -25.000000        4.248992
      255.000000      -30.000000        4.052045
      255.000000      -35.000000        4.020055
      255.000000      -40.000000        4.009645
      255.000000      -45.000000        4.004631
      255.000000      -50.000000        3.993809
      255.000000      -55.000000        3.978796
      255.000000      -60.000000        3.963208
      255.000000      -65.000000        3.943543
      255.000000      -70.000000        3.919850
      255.000000      -75.000000        3.890468
      255.000000      -80.000000        3.858932
      255.000000      -85.000000        3.764065
      255.000000      -90.000000        3.690505
      270.000000       90.000000        1.488217
      270.000000       85.000000        1.621021
      270.000000       80.000000        1.591086
      270.000000       75.000000        1.700051
      270.000000       70.000000        2.022352
      270.000000       65.000000        2.094071
      270.000000       60.000000        2.505860
      270.000000       55.000000        3.105689
      270.000000       50.000000        3.516222
      270.000000       45.000000        3.818649
      270.000000       40.000000        3.987736
      270.000000       35.000000        4.115022
      270.000000       30.000000        4.207364
      270.000000       25.000000        4.266125
      270.000000       20.000000        4.303936
      270.000000       15.000000        4.337603
      270.000000       10.000000        4.407227
      270.000000        5.000000        4.548177
      270.000000    0.000000E+00        4.645515
      270.000000       -5.000000        4.484851
      270.000000      -10.000000        3.943447
      270.000000      -15.000000        4.298234
      270.000000      -20.000000        4.448966
      270.000000      -25.000000        4.306026
      270.000000      -30.000000        4.094770
      270.000000      -35.000000        4.026033
      270.000000      -40.000000        4.004212
      270.000000      -45.000000        3.996279
      270.000000      -50.000000        3.987886
      270.000000      -55.000000        3.976586
      270.000000      -60.000000        3.962937
      270.000000      -65.000000        3.946844
      270.000000      -70.000000        3.922748
      270.000000      -75.000000        3.891303
      270.000000      -80.000000        3.851797
      270.000000      -85.000000        3.760923
      270.000000      -90.000000        3.695979
      285.000000       90.000000        1.516716
      285.000000       85.000000        1.579616
      285.000000       80.000000        1.621107
      285.000000       75.000000        1.648394
      285.000000       70.000000        1.977936
      285.000000       65.000000        2.233462
      285.000000       60.000000        2.560203
      285.000000       55.000000        3.085358
      285.000000       50.000000        3.537075
      285.000000       45.000000        3.831373
      285.000000       40.000000        4.013757
      285.000000       35.000000        4.135540
      285.000000       30.000000        4.219926
      285.000000       25.000000        4.268331
      285.000000       20.000000        4.291955
      285.000000       15.000000        4.315685
      285.000000       10.000000        4.370990
      285.000000        5.000000        4.487461
      285.000000    0.000000E+00        4.591228
      285.000000       -5.000000        4.472478
      285.000000      -10.000000        3.995081
      285.000000      -15.000000        4.214822
      285.000000      -20.000000        4.404360
      285.000000      -25.000000        4.295243
      285.000000      -30.000000        4.104732
      285.000000      -35.000000        4.024113
      285.000000      -40.000000        4.002433
      285.000000      -45.000000        3.989750
      285.000000      -50.000000        3.978088
      285.000000      -55.000000        3.966226
      285.000000      -60.000000        3.952732
      285.000000      -65.000000        3.939565
      285.000000      -70.000000        3.918292
      285.000000      -75.000000        3.890589
      285.000000      -80.000000        3.853615
      285.000000      -85.000000        3.765734
      285.000000      -90.000000        3.706608
      300.000000       90.000000        1.565172
      300.000000       85.000000        1.578555
      300.000000       80.000000        1.573497
      300.000000       75.000000        1.806413
      300.000000       70.000000        2.106276
      300.000000       65.000000        2.333340
      300.000000       60.000000        2.657528
      300.000000       55.000000        3.163565
      300.000000       50.000000        3.577094
      300.000000       45.000000        3.852863
      300.000000       40.000000        4.039953
      300.000000       35.000000        4.151165
      300.000000       30.000000        4.223332
      300.000000       25.000000        4.258547
      300.000000       20.000000        4.276401
      300.000000       15.000000        4.288201
      300.000000       10.000000        4.337513
      300.000000        5.000000        4.437118
      300.000000    0.000000E+00        4.526792
      300.000000       -5.000000        4.396166
      300.000000      -10.000000        3.952168
      300.000000      -15.000000        4.170595
      300.000000      -20.000000        4.322881
      300.000000      -25.000000        4.224432
      300.000000      -30.000000        4.061280
      300.000000      -35.000000        4.003932
      300.000000      -40.000000        3.986840
      300.000000      -45.000000        3.982285
      300.000000      -50.000000        3.970238
      300.000000      -55.000000        3.964205
      300.000000      -60.000000        3.955697
      300.000000      -65.000000        3.951931
      300.000000      -70.000000        3.935871
      300.000000      -75.000000        3.914889
      300.000000      -80.000000        3.880206
      300.000000      -85.000000        3.783174
      300.000000      -90.000000        3.726714
      315.000000       90.000000        1.618766
      315.000000       85.000000        1.627614
      315.000000       80.000000        1.519270
      315.000000       75.000000        2.162567
      315.000000       70.000000        2.379755
      315.000000       65.000000        2.410775
      315.000000       60.000000        2.653312
      315.000000       55.000000        3.202505
      315.000000       50.000000        3.625408
      315.000000       45.000000        3.883892
      315.000000       40.000000        4.088613
      315.000000       35.000000        4.189112
      315.000000       30.000000        4.250816
      315.000000       25.000000        4.265604
      315.000000       20.000000        4.267940
      315.000000       15.000000        4.258839
      315.000000       10.000000        4.303781
      315.000000        5.000000        4.393251
      315.000000    0.000000E+00        4.475641
      315.000000       -5.000000        4.294958
      315.000000      -10.000000        3.831512
      315.000000      -15.000000        4.180790
      315.000000      -20.000000        4.247332
      315.000000      -25.000000        4.130063
      315.000000      -30.000000        3.987147
      315.000000      -35.000000        3.976264
      315.000000      -40.000000        3.968043
      315.000000      -45.000000        3.972291
      315.000000      -50.000000        3.963742
      315.000000      -55.000000        3.965473
      315.000000      -60.000000        3.958760
      315.000000      -65.000000        3.965059
      315.000000      -70.000000        3.954816
      315.000000      -75.000000        3.945761
      315.000000      -80.000000        3.915441
      315.000000      -85.000000        3.805008
      315.000000      -90.000000        3.756749
      330.000000       90.000000        1.683953
      330.000000       85.000000        1.771344
      330.000000       80.000000        1.877345
      330.000000       75.000000        2.462826
      330.000000       70.000000        2.453515
      330.000000       65.000000        2.378227
      330.000000       60.000000        2.642656
      330.000000       55.000000        3.135041
      330.000000       50.000000        3.557778
      330.000000       45.000000        3.859705
      330.000000       40.000000        4.056565
      330.000000       35.000000        4.177018
      330.000000       30.000000        4.238959
      330.000000       25.000000        4.241618
      330.000000       20.000000        4.234272
      330.000000       15.000000        4.224824
      330.000000       10.000000        4.277947
      330.000000        5.000000        4.363582
      330.000000    0.000000E+00        4.380008
      330.000000       -5.000000        4.114479
      330.000000      -10.000000        3.865167
      330.000000      -15.000000        4.149061
      330.000000      -20.000000        4.147103
      330.000000      -25.000000        4.032670
      330.000000      -30.000000        3.944357
      330.000000      -35.000000        3.960421
      330.000000      -40.000000        3.965272
      330.000000      -45.000000        3.970894
      330.000000      -50.000000        3.956320
      330.000000      -55.000000        3.961864
      330.000000      -60.000000        3.960100
      330.000000      -65.000000        3.976399
      330.000000      -70.000000        3.972557
      330.000000      -75.000000        3.972883
      330.000000      -80.000000        3.950530
      330.000000      -85.000000        3.825305
      330.000000      -90.000000        3.803405
      345.000000       90.000000        1.733906
      345.000000       85.000000        1.986546
      345.000000       80.000000        2.260505
      345.000000       75.000000        2.473477
      345.000000       70.000000        2.388537
      345.000000       65.000000        2.225392
      345.000000       60.000000        2.653940
      345.000000       55.000000        3.162129
      345.000000       50.000000        3.595484
      345.000000       45.000000        3.892339
      345.000000       40.000000        4.054110
      345.000000       35.000000        4.159490
      345.000000       30.000000        4.195842
      345.000000       25.000000        4.206684
      345.000000       20.000000        4.180260
      345.000000       15.000000        4.203852
      345.000000       10.000000        4.274680
      345.000000        5.000000        4.369753
      345.000000    0.000000E+00        4.253476
      345.000000       -5.000000        3.899786
      345.000000      -10.000000        3.987269
      345.000000      -15.000000        4.108622
      345.000000      -20.000000        4.046370
      345.000000      -25.000000        3.945863
      345.000000      -30.000000        3.927204
      345.000000      -35.000000        3.946275
      345.000000      -40.000000        3.959875
      345.000000      -45.000000        3.958054
      345.000000      -50.000000        3.956491
      345.000000      -55.000000        3.956775
      345.000000      -60.000000        3.966509
      345.000000      -65.000000        3.983539
      345.000000      -70.000000        3.990751
      345.000000      -75.000000        3.996795
      345.000000      -80.000000        3.961915
      345.000000      -85.000000        3.845459
      345.000000      -90.000000        3.856400
      360.000000       90.000000        1.733906
      360.000000       85.000000        2.017272
      360.000000       80.000000        2.188353
      360.000000       75.000000        2.437356
      360.000000       70.000000        2.662530
      360.000000       65.000000        2.991905
      360.000000       60.000000        3.422699
      360.000000       55.000000        3.757860
      360.000000       50.000000        3.986068
      360.000000       45.000000        4.107892
      360.000000       40.000000        4.185210
      360.000000       35.000000        4.215792
      360.000000       30.000000        4.213849
      360.000000       25.000000        4.206474
      360.000000       20.000000        4.202182
      360.000000       15.000000        4.251454
      360.000000       10.000000        4.361843
      360.000000        5.000000        4.452666
      360.000000    0.000000E+00        4.287499
      360.000000       -5.000000        4.004591
      360.000000      -10.000000        4.238922
      360.000000      -15.000000        4.180196
      360.000000      -20.000000        4.060932
      360.000000      -25.000000        3.969783
      360.000000      -30.000000        3.987371
      360.000000      -35.000000        3.987895
      360.000000      -40.000000        3.990632
      360.000000      -45.000000        3.965834
      360.000000      -50.000000        3.958139
      360.000000      -55.000000        3.954907
      360.000000      -60.000000        3.955751
      360.000000      -65.000000        3.954718
      360.000000      -70.000000        3.956718
      360.000000      -75.000000        3.953629
      360.000000      -80.000000        3.898192
      360.000000      -85.000000        3.837756
      360.000000      -90.000000        3.856400
