    0.000000E+00       90.000000        1.858394
    0.000000E+00       85.000000        2.131504
    0.000000E+00       80.000000        2.326953
    0.000000E+00       75.000000        2.009503
    0.000000E+00       70.000000        1.584400
    0.000000E+00       65.000000        1.247910
    0.000000E+00       60.000000        1.328460
    0.000000E+00       55.000000        1.835183
    0.000000E+00       50.000000        2.439443
    0.000000E+00       45.000000        2.986514
    0.000000E+00       40.000000        3.414232
    0.000000E+00       35.000000        3.691767
    0.000000E+00       30.000000        3.839078
    0.000000E+00       25.000000        3.917211
    0.000000E+00       20.000000        3.967451
    0.000000E+00       15.000000        4.058582
    0.000000E+00       10.000000        4.140275
    0.000000E+00        5.000000        4.124720
    0.000000E+00    0.000000E+00        3.812675
    0.000000E+00       -5.000000        3.640019
    0.000000E+00      -10.000000        3.801871
    0.000000E+00      -15.000000        3.884561
    0.000000E+00      -20.000000        3.805304
    0.000000E+00      -25.000000        3.759467
    0.000000E+00      -30.000000        3.791957
    0.000000E+00      -35.000000        3.834062
    0.000000E+00      -40.000000        3.866374
    0.000000E+00      -45.000000        3.888371
    0.000000E+00      -50.000000        3.908722
    0.000000E+00      -55.000000        3.919224
    0.000000E+00      -60.000000        3.965407
    0.000000E+00      -65.000000        4.006371
    0.000000E+00      -70.000000        4.055316
    0.000000E+00      -75.000000        4.081531
    0.000000E+00      -80.000000        4.020323
    0.000000E+00      -85.000000        3.934108
    0.000000E+00      -90.000000        3.939712
       15.000000       90.000000        1.918945
       15.000000       85.000000        2.245733
       15.000000       80.000000        2.217762
       15.000000       75.000000        1.757526
       15.000000       70.000000        1.343959
       15.000000       65.000000        1.102026
       15.000000       60.000000        1.216865
       15.000000       55.000000        1.855377
       15.000000       50.000000        2.486368
       15.000000       45.000000        3.032739
       15.000000       40.000000        3.426513
       15.000000       35.000000        3.665965
       15.000000       30.000000        3.804027
       15.000000       25.000000        3.884844
       15.000000       20.000000        3.987722
       15.000000       15.000000        4.083420
       15.000000       10.000000        4.166710
       15.000000        5.000000        3.905665
       15.000000    0.000000E+00        3.636290
       15.000000       -5.000000        3.715989
       15.000000      -10.000000        3.842351
       15.000000      -15.000000        3.813572
       15.000000      -20.000000        3.754535
       15.000000      -25.000000        3.755391
       15.000000      -30.000000        3.788786
       15.000000      -35.000000        3.821517
       15.000000      -40.000000        3.847300
       15.000000      -45.000000        3.865139
       15.000000      -50.000000        3.876260
       15.000000      -55.000000        3.902983
       15.000000      -60.000000        3.947624
       15.000000      -65.000000        4.004428
       15.000000      -70.000000        4.062401
       15.000000      -75.000000        4.079058
       15.000000      -80.000000        3.969898
       15.000000      -85.000000        3.954563
       15.000000      -90.000000        3.956905
       30.000000       90.000000        2.067511
       30.000000       85.000000        2.233504
       30.000000       80.000000        1.869053
       30.000000       75.000000        1.455528
       30.000000       70.000000        1.053841
       30.000000       65.000000    9.214441E-01
       30.000000       60.000000        1.302672
       30.000000       55.000000        1.917963
       30.000000       50.000000        2.494983
       30.000000       45.000000        3.002081
       30.000000       40.000000        3.381049
       30.000000       35.000000        3.633800
       30.000000       30.000000        3.779529
       30.000000       25.000000        3.890204
       30.000000       20.000000        4.005926
       30.000000       15.000000        4.102504
       30.000000       10.000000        4.002395
       30.000000        5.000000        3.707474
       30.000000    0.000000E+00        3.626170
       30.000000       -5.000000        3.767678
       30.000000      -10.000000        3.827190
       30.000000      -15.000000        3.762259
       30.000000      -20.000000        3.730206
       30.000000      -25.000000        3.751849
       30.000000      -30.000000        3.783614
       30.000000      -35.000000        3.811409
       30.000000      -40.000000        3.834229
       30.000000      -45.000000        3.843739
       30.000000      -50.000000        3.855003
       30.000000      -55.000000        3.885403
       30.000000      -60.000000        3.929609
       30.000000      -65.000000        4.001260
       30.000000      -70.000000        4.052741
       30.000000      -75.000000        4.001324
       30.000000      -80.000000        3.944215
       30.000000      -85.000000        3.973090
       30.000000      -90.000000        3.958703
       45.000000       90.000000        2.247754
       45.000000       85.000000        1.960928
       45.000000       80.000000        1.478211
       45.000000       75.000000        1.092154
       45.000000       70.000000    8.507997E-01
       45.000000       65.000000    9.109865E-01
       45.000000       60.000000        1.351604
       45.000000       55.000000        1.945922
       45.000000       50.000000        2.511653
       45.000000       45.000000        3.025883
       45.000000       40.000000        3.383381
       45.000000       35.000000        3.634304
       45.000000       30.000000        3.761941
       45.000000       25.000000        3.900223
       45.000000       20.000000        4.026255
       45.000000       15.000000        4.106087
       45.000000       10.000000        3.775572
       45.000000        5.000000        3.551308
       45.000000    0.000000E+00        3.679157
       45.000000       -5.000000        3.825094
       45.000000      -10.000000        3.780163
       45.000000      -15.000000        3.726765
       45.000000      -20.000000        3.737385
       45.000000      -25.000000        3.767064
       45.000000      -30.000000        3.782255
       45.000000      -35.000000        3.804131
       45.000000      -40.000000        3.816269
       45.000000      -45.000000        3.822698
       45.000000      -50.000000        3.836618
       45.000000      -55.000000        3.864762
       45.000000      -60.000000        3.919428
       45.000000      -65.000000        3.980114
       45.000000      -70.000000        3.985594
       45.000000      -75.000000        3.923154
       45.000000      -80.000000        3.958659
       45.000000      -85.000000        3.999003
       45.000000      -90.000000        3.953820
       60.000000       90.000000        2.068423
       60.000000       85.000000        1.454829
       60.000000       80.000000        1.086075
       60.000000       75.000000    7.991583E-01
       60.000000       70.000000    7.308791E-01
       60.000000       65.000000    9.653789E-01
       60.000000       60.000000        1.438314
       60.000000       55.000000        1.967057
       60.000000       50.000000        2.517354
       60.000000       45.000000        3.012188
       60.000000       40.000000        3.381102
       60.000000       35.000000        3.606970
       60.000000       30.000000        3.740931
       60.000000       25.000000        3.892124
       60.000000       20.000000        4.009116
       60.000000       15.000000        3.891760
       60.000000       10.000000        3.627545
       60.000000        5.000000        3.583028
       60.000000    0.000000E+00        3.727923
       60.000000       -5.000000        3.798426
       60.000000      -10.000000        3.748500
       60.000000      -15.000000        3.725129
       60.000000      -20.000000        3.748819
       60.000000      -25.000000        3.772099
       60.000000      -30.000000        3.787413
       60.000000      -35.000000        3.803537
       60.000000      -40.000000        3.809933
       60.000000      -45.000000        3.817924
       60.000000      -50.000000        3.824927
       60.000000      -55.000000        3.854557
       60.000000      -60.000000        3.903308
       60.000000      -65.000000        3.948809
       60.000000      -70.000000        3.892143
       60.000000      -75.000000        3.934837
       60.000000      -80.000000        3.979864
       60.000000      -85.000000        4.006295
       60.000000      -90.000000        3.931202
       75.000000       90.000000        1.567599
       75.000000       85.000000    9.675122E-01
       75.000000       80.000000    7.591972E-01
       75.000000       75.000000    6.629941E-01
       75.000000       70.000000    6.791316E-01
       75.000000       65.000000    9.902060E-01
       75.000000       60.000000        1.422834
       75.000000       55.000000        1.962242
       75.000000       50.000000        2.572843
       75.000000       45.000000        3.073947
       75.000000       40.000000        3.362495
       75.000000       35.000000        3.543094
       75.000000       30.000000        3.716950
       75.000000       25.000000        3.889722
       75.000000       20.000000        3.988868
       75.000000       15.000000        3.723262
       75.000000       10.000000        3.538379
       75.000000        5.000000        3.599801
       75.000000    0.000000E+00        3.777655
       75.000000       -5.000000        3.773985
       75.000000      -10.000000        3.723279
       75.000000      -15.000000        3.728554
       75.000000      -20.000000        3.759723
       75.000000      -25.000000        3.774818
       75.000000      -30.000000        3.797105
       75.000000      -35.000000        3.803419
       75.000000      -40.000000        3.814755
       75.000000      -45.000000        3.816036
       75.000000      -50.000000        3.827921
       75.000000      -55.000000        3.848871
       75.000000      -60.000000        3.886433
       75.000000      -65.000000        3.875294
       75.000000      -70.000000        3.898595
       75.000000      -75.000000        3.957975
       75.000000      -80.000000        3.990728
       75.000000      -85.000000        3.997298
       75.000000      -90.000000        3.899773
       90.000000       90.000000        1.192465
       90.000000       85.000000    6.566163E-01
       90.000000       80.000000    5.987533E-01
       90.000000       75.000000    5.895055E-01
       90.000000       70.000000    6.967958E-01
       90.000000       65.000000    9.488538E-01
       90.000000       60.000000        1.386706
       90.000000       55.000000        2.041645
       90.000000       50.000000        2.610544
       90.000000       45.000000        2.999611
       90.000000       40.000000        3.264647
       90.000000       35.000000        3.468661
       90.000000       30.000000        3.681635
       90.000000       25.000000        3.861140
       90.000000       20.000000        3.902891
       90.000000       15.000000        3.631405
       90.000000       10.000000        3.517831
       90.000000        5.000000        3.628699
       90.000000    0.000000E+00        3.790802
       90.000000       -5.000000        3.761672
       90.000000      -10.000000        3.720284
       90.000000      -15.000000        3.736382
       90.000000      -20.000000        3.770289
       90.000000      -25.000000        3.785109
       90.000000      -30.000000        3.810356
       90.000000      -35.000000        3.813057
       90.000000      -40.000000        3.827798
       90.000000      -45.000000        3.822594
       90.000000      -50.000000        3.835366
       90.000000      -55.000000        3.848804
       90.000000      -60.000000        3.877906
       90.000000      -65.000000        3.850599
       90.000000      -70.000000        3.921617
       90.000000      -75.000000        3.979640
       90.000000      -80.000000        3.994673
       90.000000      -85.000000        3.980539
       90.000000      -90.000000        3.876078
      105.000000       90.000000        1.165251
      105.000000       85.000000    5.898669E-01
      105.000000       80.000000    4.670477E-01
      105.000000       75.000000    4.901523E-01
      105.000000       70.000000    5.759013E-01
      105.000000       65.000000    7.834398E-01
      105.000000       60.000000        1.048392
      105.000000       55.000000        1.296807
      105.000000       50.000000        1.536083
      105.000000       45.000000        1.816339
      105.000000       40.000000        2.107755
      105.000000       35.000000        2.369532
      105.000000       30.000000        2.648851
      105.000000       25.000000        2.878897
      105.000000       20.000000        2.939766
      105.000000       15.000000        2.850983
      105.000000       10.000000        2.905414
      105.000000        5.000000        3.150311
      105.000000    0.000000E+00        3.387571
      105.000000       -5.000000        3.460252
      105.000000      -10.000000        3.483024
      105.000000      -15.000000        3.523338
      105.000000      -20.000000        3.572217
      105.000000      -25.000000        3.612386
      105.000000      -30.000000        3.654450
      105.000000      -35.000000        3.679139
      105.000000      -40.000000        3.707433
      105.000000      -45.000000        3.726055
      105.000000      -50.000000        3.758014
      105.000000      -55.000000        3.792312
      105.000000      -60.000000        3.833661
      105.000000      -65.000000        3.851701
      105.000000      -70.000000        3.929644
      105.000000      -75.000000        3.978706
      105.000000      -80.000000        3.976676
      105.000000      -85.000000        3.949137
      105.000000      -90.000000        3.841885
      120.000000       90.000000        1.353587
      120.000000       85.000000    7.623363E-01
      120.000000       80.000000    4.709430E-01
      120.000000       75.000000    5.016571E-01
      120.000000       70.000000    6.028223E-01
      120.000000       65.000000    8.161811E-01
      120.000000       60.000000        1.098132
      120.000000       55.000000        1.371887
      120.000000       50.000000        1.628267
      120.000000       45.000000        1.869337
      120.000000       40.000000        2.082433
      120.000000       35.000000        2.304850
      120.000000       30.000000        2.583318
      120.000000       25.000000        2.842422
      120.000000       20.000000        2.932195
      120.000000       15.000000        2.849206
      120.000000       10.000000        2.901673
      120.000000        5.000000        3.153910
      120.000000    0.000000E+00        3.408349
      120.000000       -5.000000        3.481846
      120.000000      -10.000000        3.505611
      120.000000      -15.000000        3.551512
      120.000000      -20.000000        3.600564
      120.000000      -25.000000        3.643574
      120.000000      -30.000000        3.684225
      120.000000      -35.000000        3.708495
      120.000000      -40.000000        3.733232
      120.000000      -45.000000        3.750005
      120.000000      -50.000000        3.777994
      120.000000      -55.000000        3.808465
      120.000000      -60.000000        3.844967
      120.000000      -65.000000        3.852521
      120.000000      -70.000000        3.922687
      120.000000      -75.000000        3.966715
      120.000000      -80.000000        3.952046
      120.000000      -85.000000        3.924970
      120.000000      -90.000000        3.820504
      135.000000       90.000000        1.543768
      135.000000       85.000000        1.044355
      135.000000       80.000000    4.775681E-01
      135.000000       75.000000    4.904719E-01
      135.000000       70.000000    5.781096E-01
      135.000000       65.000000    8.128853E-01
      135.000000       60.000000        1.119329
      135.000000       55.000000        1.406732
      135.000000       50.000000        1.631768
      135.000000       45.000000        1.817650
      135.000000       40.000000        1.994234
      135.000000       35.000000        2.190191
      135.000000       30.000000        2.500319
      135.000000       25.000000        2.826676
      135.000000       20.000000        2.982952
      135.000000       15.000000        2.887455
      135.000000       10.000000        2.907955
      135.000000        5.000000        3.140538
      135.000000    0.000000E+00        3.456630
      135.000000       -5.000000        3.540312
      135.000000      -10.000000        3.549225
      135.000000      -15.000000        3.593863
      135.000000      -20.000000        3.636924
      135.000000      -25.000000        3.675480
      135.000000      -30.000000        3.712165
      135.000000      -35.000000        3.735289
      135.000000      -40.000000        3.759258
      135.000000      -45.000000        3.767557
      135.000000      -50.000000        3.788658
      135.000000      -55.000000        3.810279
      135.000000      -60.000000        3.854577
      135.000000      -65.000000        3.847341
      135.000000      -70.000000        3.895298
      135.000000      -75.000000        3.918455
      135.000000      -80.000000        3.928084
      135.000000      -85.000000        3.895588
      135.000000      -90.000000        3.807978
      150.000000       90.000000        1.313448
      150.000000       85.000000    9.490294E-01
      150.000000       80.000000    5.823414E-01
      150.000000       75.000000    5.283033E-01
      150.000000       70.000000    5.511467E-01
      150.000000       65.000000    7.628627E-01
      150.000000       60.000000        1.009684
      150.000000       55.000000        1.288013
      150.000000       50.000000        1.497749
      150.000000       45.000000        1.682396
      150.000000       40.000000        1.868817
      150.000000       35.000000        2.098157
      150.000000       30.000000        2.430076
      150.000000       25.000000        2.804918
      150.000000       20.000000        3.041505
      150.000000       15.000000        2.996019
      150.000000       10.000000        2.965985
      150.000000        5.000000        3.133300
      150.000000    0.000000E+00        3.456217
      150.000000       -5.000000        3.608084
      150.000000      -10.000000        3.618523
      150.000000      -15.000000        3.638985
      150.000000      -20.000000        3.673256
      150.000000      -25.000000        3.708346
      150.000000      -30.000000        3.740594
      150.000000      -35.000000        3.752731
      150.000000      -40.000000        3.765521
      150.000000      -45.000000        3.776277
      150.000000      -50.000000        3.792554
      150.000000      -55.000000        3.814538
      150.000000      -60.000000        3.847109
      150.000000      -65.000000        3.858654
      150.000000      -70.000000        3.865959
      150.000000      -75.000000        3.894684
      150.000000      -80.000000        3.914777
      150.000000      -85.000000        3.880151
      150.000000      -90.000000        3.790202
      165.000000       90.000000        1.308012
      165.000000       85.000000    9.623447E-01
      165.000000       80.000000    6.911458E-01
      165.000000       75.000000    5.523820E-01
      165.000000       70.000000    5.737123E-01
      165.000000       65.000000    7.351762E-01
      165.000000       60.000000    9.630078E-01
      165.000000       55.000000        1.133597
      165.000000       50.000000        1.287797
      165.000000       45.000000        1.523428
      165.000000       40.000000        1.771903
      165.000000       35.000000        2.052588
      165.000000       30.000000        2.386843
      165.000000       25.000000        2.762999
      165.000000       20.000000        3.070690
      165.000000       15.000000        3.158341
      165.000000       10.000000        3.069074
      165.000000        5.000000        3.128086
      165.000000    0.000000E+00        3.383713
      165.000000       -5.000000        3.663344
      165.000000      -10.000000        3.699929
      165.000000      -15.000000        3.681620
      165.000000      -20.000000        3.707127
      165.000000      -25.000000        3.735289
      165.000000      -30.000000        3.749911
      165.000000      -35.000000        3.760959
      165.000000      -40.000000        3.771246
      165.000000      -45.000000        3.783682
      165.000000      -50.000000        3.795691
      165.000000      -55.000000        3.815478
      165.000000      -60.000000        3.840280
      165.000000      -65.000000        3.862969
      165.000000      -70.000000        3.847215
      165.000000      -75.000000        3.858513
      165.000000      -80.000000        3.887573
      165.000000      -85.000000        3.892485
      165.000000      -90.000000        3.775262
      180.000000       90.000000        1.329462
      180.000000       85.000000        1.037679
      180.000000       80.000000    8.059111E-01
      180.000000       75.000000    5.729583E-01
      180.000000       70.000000    5.541460E-01
      180.000000       65.000000    6.649452E-01
      180.000000       60.000000    9.066330E-01
      180.000000       55.000000        1.137665
      180.000000       50.000000        1.276942
      180.000000       45.000000        1.406509
      180.000000       40.000000        1.723867
      180.000000       35.000000        2.045453
      180.000000       30.000000        2.372419
      180.000000       25.000000        2.729804
      180.000000       20.000000        3.087478
      180.000000       15.000000        3.309014
      180.000000       10.000000        3.226203
      180.000000        5.000000        3.169069
      180.000000    0.000000E+00        3.326589
      180.000000       -5.000000        3.653253
      180.000000      -10.000000        3.774880
      180.000000      -15.000000        3.747882
      180.000000      -20.000000        3.743546
      180.000000      -25.000000        3.758605
      180.000000      -30.000000        3.762826
      180.000000      -35.000000        3.769859
      180.000000      -40.000000        3.778185
      180.000000      -45.000000        3.788820
      180.000000      -50.000000        3.800913
      180.000000      -55.000000        3.816697
      180.000000      -60.000000        3.837242
      180.000000      -65.000000        3.848282
      180.000000      -70.000000        3.853966
      180.000000      -75.000000        3.819663
      180.000000      -80.000000        3.829981
      180.000000      -85.000000        3.894964
      180.000000      -90.000000        3.773450
      195.000000       90.000000        1.360364
      195.000000       85.000000        1.170343
      195.000000       80.000000    9.290977E-01
      195.000000       75.000000    6.480561E-01
      195.000000       70.000000    5.474313E-01
      195.000000       65.000000    6.116304E-01
      195.000000       60.000000    8.236068E-01
      195.000000       55.000000        1.082353
      195.000000       50.000000        1.300588
      195.000000       45.000000        1.472462
      195.000000       40.000000        1.720377
      195.000000       35.000000        2.069323
      195.000000       30.000000        2.403766
      195.000000       25.000000        2.734698
      195.000000       20.000000        3.070233
      195.000000       15.000000        3.355541
      195.000000       10.000000        3.448881
      195.000000        5.000000        3.306587
      195.000000    0.000000E+00        3.298725
      195.000000       -5.000000        3.533235
      195.000000      -10.000000        3.828542
      195.000000      -15.000000        3.835941
      195.000000      -20.000000        3.776434
      195.000000      -25.000000        3.779808
      195.000000      -30.000000        3.777045
      195.000000      -35.000000        3.780832
      195.000000      -40.000000        3.786048
      195.000000      -45.000000        3.794250
      195.000000      -50.000000        3.804740
      195.000000      -55.000000        3.817614
      195.000000      -60.000000        3.834723
      195.000000      -65.000000        3.843174
      195.000000      -70.000000        3.846426
      195.000000      -75.000000        3.823777
      195.000000      -80.000000        3.792377
      195.000000      -85.000000        3.819538
      195.000000      -90.000000        3.794755
      210.000000       90.000000        1.402050
      210.000000       85.000000        1.336321
      210.000000       80.000000        1.144594
      210.000000       75.000000    9.091344E-01
      210.000000       70.000000    5.841378E-01
      210.000000       65.000000    5.507380E-01
      210.000000       60.000000    7.042064E-01
      210.000000       55.000000    9.802934E-01
      210.000000       50.000000        1.265131
      210.000000       45.000000        1.499818
      210.000000       40.000000        1.722095
      210.000000       35.000000        2.092813
      210.000000       30.000000        2.438221
      210.000000       25.000000        2.749080
      210.000000       20.000000        3.055681
      210.000000       15.000000        3.361233
      210.000000       10.000000        3.575245
      210.000000        5.000000        3.511858
      210.000000    0.000000E+00        3.378999
      210.000000       -5.000000        3.469071
      210.000000      -10.000000        3.751933
      210.000000      -15.000000        3.897177
      210.000000      -20.000000        3.849229
      210.000000      -25.000000        3.807216
      210.000000      -30.000000        3.797302
      210.000000      -35.000000        3.794749
      210.000000      -40.000000        3.797238
      210.000000      -45.000000        3.801978
      210.000000      -50.000000        3.809925
      210.000000      -55.000000        3.820554
      210.000000      -60.000000        3.833848
      210.000000      -65.000000        3.845079
      210.000000      -70.000000        3.843287
      210.000000      -75.000000        3.834724
      210.000000      -80.000000        3.781269
      210.000000      -85.000000        3.759847
      210.000000      -90.000000        3.805248
      225.000000       90.000000        1.463495
      225.000000       85.000000        1.478312
      225.000000       80.000000        1.443104
      225.000000       75.000000        1.330901
      225.000000       70.000000    8.237720E-01
      225.000000       65.000000    5.261589E-01
      225.000000       60.000000    6.338202E-01
      225.000000       55.000000    8.525289E-01
      225.000000       50.000000        1.139246
      225.000000       45.000000        1.429728
      225.000000       40.000000        1.708390
      225.000000       35.000000        2.101631
      225.000000       30.000000        2.459788
      225.000000       25.000000        2.764973
      225.000000       20.000000        3.046968
      225.000000       15.000000        3.331846
      225.000000       10.000000        3.604958
      225.000000        5.000000        3.737985
      225.000000    0.000000E+00        3.523366
      225.000000       -5.000000        3.407758
      225.000000      -10.000000        3.622200
      225.000000      -15.000000        3.941042
      225.000000      -20.000000        3.916658
      225.000000      -25.000000        3.820106
      225.000000      -30.000000        3.813808
      225.000000      -35.000000        3.806291
      225.000000      -40.000000        3.808287
      225.000000      -45.000000        3.810073
      225.000000      -50.000000        3.816602
      225.000000      -55.000000        3.825271
      225.000000      -60.000000        3.836550
      225.000000      -65.000000        3.849993
      225.000000      -70.000000        3.853827
      225.000000      -75.000000        3.839206
      225.000000      -80.000000        3.793631
      225.000000      -85.000000        3.749259
      225.000000      -90.000000        3.690505
      240.000000       90.000000        1.488217
      240.000000       85.000000        1.518909
      240.000000       80.000000        1.516122
      240.000000       75.000000        1.495154
      240.000000       70.000000        1.210019
      240.000000       65.000000    5.394699E-01
      240.000000       60.000000    5.645425E-01
      240.000000       55.000000    7.231179E-01
      240.000000       50.000000    9.741274E-01
      240.000000       45.000000        1.272101
      240.000000       40.000000        1.671987
      240.000000       35.000000        2.092528
      240.000000       30.000000        2.460441
      240.000000       25.000000        2.776645
      240.000000       20.000000        3.052938
      240.000000       15.000000        3.321397
      240.000000       10.000000        3.589035
      240.000000        5.000000        3.786197
      240.000000    0.000000E+00        3.719632
      240.000000       -5.000000        3.524210
      240.000000      -10.000000        3.561236
      240.000000      -15.000000        3.824116
      240.000000      -20.000000        3.956583
      240.000000      -25.000000        3.879923
      240.000000      -30.000000        3.820198
      240.000000      -35.000000        3.821460
      240.000000      -40.000000        3.819039
      240.000000      -45.000000        3.821376
      240.000000      -50.000000        3.824777
      240.000000      -55.000000        3.832510
      240.000000      -60.000000        3.843342
      240.000000      -65.000000        3.856036
      240.000000      -70.000000        3.860543
      240.000000      -75.000000        3.853078
      240.000000      -80.000000        3.820951
      240.000000      -85.000000        3.745143
      240.000000      -90.000000        3.695979
      255.000000       90.000000        1.516716
      255.000000       85.000000        1.545482
      255.000000       80.000000        1.466663
      255.000000       75.000000        1.519457
      255.000000       70.000000        1.344186
      255.000000       65.000000    8.624250E-01
      255.000000       60.000000    5.427970E-01
      255.000000       55.000000    6.307617E-01
      255.000000       50.000000    8.002967E-01
      255.000000       45.000000        1.196511
      255.000000       40.000000        1.659586
      255.000000       35.000000        2.084875
      255.000000       30.000000        2.456954
      255.000000       25.000000        2.785833
      255.000000       20.000000        3.060663
      255.000000       15.000000        3.312140
      255.000000       10.000000        3.568112
      255.000000        5.000000        3.796022
      255.000000    0.000000E+00        3.870180
      255.000000       -5.000000        3.626515
      255.000000      -10.000000        3.493932
      255.000000      -15.000000        3.714509
      255.000000      -20.000000        3.970178
      255.000000      -25.000000        3.909863
      255.000000      -30.000000        3.807206
      255.000000      -35.000000        3.808785
      255.000000      -40.000000        3.815106
      255.000000      -45.000000        3.829885
      255.000000      -50.000000        3.830224
      255.000000      -55.000000        3.842155
      255.000000      -60.000000        3.853241
      255.000000      -65.000000        3.878517
      255.000000      -70.000000        3.882012
      255.000000      -75.000000        3.880306
      255.000000      -80.000000        3.853239
      255.000000      -85.000000        3.753667
      255.000000      -90.000000        3.706608
      270.000000       90.000000        1.565172
      270.000000       85.000000        1.527074
      270.000000       80.000000        1.465497
      270.000000       75.000000        1.461189
      270.000000       70.000000        1.444753
      270.000000       65.000000    9.511614E-01
      270.000000       60.000000    5.439153E-01
      270.000000       55.000000    6.257194E-01
      270.000000       50.000000    9.056966E-01
      270.000000       45.000000        1.303281
      270.000000       40.000000        1.725797
      270.000000       35.000000        2.128516
      270.000000       30.000000        2.492025
      270.000000       25.000000        2.814192
      270.000000       20.000000        3.085975
      270.000000       15.000000        3.326239
      270.000000       10.000000        3.570834
      270.000000        5.000000        3.797996
      270.000000    0.000000E+00        3.934747
      270.000000       -5.000000        3.716594
      270.000000      -10.000000        3.506204
      270.000000      -15.000000        3.659201
      270.000000      -20.000000        3.930955
      270.000000      -25.000000        3.926003
      270.000000      -30.000000        3.818681
      270.000000      -35.000000        3.805092
      270.000000      -40.000000        3.810408
      270.000000      -45.000000        3.824365
      270.000000      -50.000000        3.833066
      270.000000      -55.000000        3.855438
      270.000000      -60.000000        3.877170
      270.000000      -65.000000        3.910840
      270.000000      -70.000000        3.916374
      270.000000      -75.000000        3.910999
      270.000000      -80.000000        3.882502
      270.000000      -85.000000        3.776500
      270.000000      -90.000000        3.726714
      285.000000       90.000000        1.618766
      285.000000       85.000000        1.530132
      285.000000       80.000000        1.510061
      285.000000       75.000000        1.455142
      285.000000       70.000000        1.387818
      285.000000       65.000000    9.577593E-01
      285.000000       60.000000    6.230498E-01
      285.000000       55.000000    6.633092E-01
      285.000000       50.000000    9.593970E-01
      285.000000       45.000000        1.398079
      285.000000       40.000000        1.864406
      285.000000       35.000000        2.272771
      285.000000       30.000000        2.621173
      285.000000       25.000000        2.916109
      285.000000       20.000000        3.174698
      285.000000       15.000000        3.395773
      285.000000       10.000000        3.632313
      285.000000        5.000000        3.850409
      285.000000    0.000000E+00        3.980271
      285.000000       -5.000000        3.785066
      285.000000      -10.000000        3.547699
      285.000000      -15.000000        3.624123
      285.000000      -20.000000        3.875884
      285.000000      -25.000000        3.910958
      285.000000      -30.000000        3.825999
      285.000000      -35.000000        3.805968
      285.000000      -40.000000        3.813829
      285.000000      -45.000000        3.827689
      285.000000      -50.000000        3.838626
      285.000000      -55.000000        3.864749
      285.000000      -60.000000        3.895786
      285.000000      -65.000000        3.943366
      285.000000      -70.000000        3.958591
      285.000000      -75.000000        3.956879
      285.000000      -80.000000        3.924972
      285.000000      -85.000000        3.809499
      285.000000      -90.000000        3.756749
      300.000000       90.000000        1.683953
      300.000000       85.000000        1.555750
      300.000000       80.000000        1.477080
      300.000000       75.000000        1.467420
      300.000000       70.000000        1.361996
      300.000000       65.000000    8.414854E-01
      300.000000       60.000000    5.656371E-01
      300.000000       55.000000    5.830945E-01
      300.000000       50.000000    7.820486E-01
      300.000000       45.000000        1.235349
      300.000000       40.000000        1.793788
      300.000000       35.000000        2.293440
      300.000000       30.000000        2.673534
      300.000000       25.000000        2.952857
      300.000000       20.000000        3.184263
      300.000000       15.000000        3.369135
      300.000000       10.000000        3.581532
      300.000000        5.000000        3.778690
      300.000000    0.000000E+00        3.895635
      300.000000       -5.000000        3.693975
      300.000000      -10.000000        3.481123
      300.000000      -15.000000        3.539920
      300.000000      -20.000000        3.760456
      300.000000      -25.000000        3.793403
      300.000000      -30.000000        3.742597
      300.000000      -35.000000        3.754090
      300.000000      -40.000000        3.780084
      300.000000      -45.000000        3.807745
      300.000000      -50.000000        3.830275
      300.000000      -55.000000        3.875805
      300.000000      -60.000000        3.924912
      300.000000      -65.000000        3.990512
      300.000000      -70.000000        4.015759
      300.000000      -75.000000        4.022503
      300.000000      -80.000000        3.993006
      300.000000      -85.000000        3.857826
      300.000000      -90.000000        3.803405
      315.000000       90.000000        1.733906
      315.000000       85.000000        1.667234
      315.000000       80.000000        1.602547
      315.000000       75.000000        1.665321
      315.000000       70.000000        1.322543
      315.000000       65.000000    6.746275E-01
      315.000000       60.000000    5.920886E-01
      315.000000       55.000000    6.411223E-01
      315.000000       50.000000    8.340832E-01
      315.000000       45.000000        1.143947
      315.000000       40.000000        1.664554
      315.000000       35.000000        2.273089
      315.000000       30.000000        2.740669
      315.000000       25.000000        3.033362
      315.000000       20.000000        3.243287
      315.000000       15.000000        3.391880
      315.000000       10.000000        3.574122
      315.000000        5.000000        3.730045
      315.000000    0.000000E+00        3.825845
      315.000000       -5.000000        3.573522
      315.000000      -10.000000        3.409460
      315.000000      -15.000000        3.493604
      315.000000      -20.000000        3.697999
      315.000000      -25.000000        3.689246
      315.000000      -30.000000        3.661668
      315.000000      -35.000000        3.700282
      315.000000      -40.000000        3.741522
      315.000000      -45.000000        3.780417
      315.000000      -50.000000        3.815770
      315.000000      -55.000000        3.873792
      315.000000      -60.000000        3.931517
      315.000000      -65.000000        4.012510
      315.000000      -70.000000        4.044374
      315.000000      -75.000000        4.067038
      315.000000      -80.000000        4.048642
      315.000000      -85.000000        3.901590
      315.000000      -90.000000        3.856400
      330.000000       90.000000        1.789385
      330.000000       85.000000        1.849578
      330.000000       80.000000        2.111441
      330.000000       75.000000        1.842040
      330.000000       70.000000        1.149021
      330.000000       65.000000    7.131602E-01
      330.000000       60.000000    6.221222E-01
      330.000000       55.000000    6.952137E-01
      330.000000       50.000000    9.533409E-01
      330.000000       45.000000        1.324411
      330.000000       40.000000        1.736383
      330.000000       35.000000        2.229130
      330.000000       30.000000        2.707134
      330.000000       25.000000        3.053810
      330.000000       20.000000        3.256075
      330.000000       15.000000        3.397923
      330.000000       10.000000        3.558397
      330.000000        5.000000        3.691660
      330.000000    0.000000E+00        3.696368
      330.000000       -5.000000        3.466363
      330.000000      -10.000000        3.387971
      330.000000      -15.000000        3.503371
      330.000000      -20.000000        3.648558
      330.000000      -25.000000        3.624357
      330.000000      -30.000000        3.619268
      330.000000      -35.000000        3.668487
      330.000000      -40.000000        3.719455
      330.000000      -45.000000        3.763494
      330.000000      -50.000000        3.811613
      330.000000      -55.000000        3.871573
      330.000000      -60.000000        3.941715
      330.000000      -65.000000        4.025278
      330.000000      -70.000000        4.070329
      330.000000      -75.000000        4.108587
      330.000000      -80.000000        4.096720
      330.000000      -85.000000        3.931679
      330.000000      -90.000000        3.906010
      345.000000       90.000000        1.858394
      345.000000       85.000000        2.084718
      345.000000       80.000000        2.281451
      345.000000       75.000000        1.686461
      345.000000       70.000000        1.009965
      345.000000       65.000000    7.567168E-01
      345.000000       60.000000    6.029384E-01
      345.000000       55.000000    6.692291E-01
      345.000000       50.000000        1.005628
      345.000000       45.000000        1.460529
      345.000000       40.000000        1.847975
      345.000000       35.000000        2.259173
      345.000000       30.000000        2.663651
      345.000000       25.000000        3.040329
      345.000000       20.000000        3.246901
      345.000000       15.000000        3.419989
      345.000000       10.000000        3.561829
      345.000000        5.000000        3.673918
      345.000000    0.000000E+00        3.528079
      345.000000       -5.000000        3.368657
      345.000000      -10.000000        3.395765
      345.000000      -15.000000        3.547483
      345.000000      -20.000000        3.596415
      345.000000      -25.000000        3.577532
      345.000000      -30.000000        3.598458
      345.000000      -35.000000        3.646483
      345.000000      -40.000000        3.691492
      345.000000      -45.000000        3.735989
      345.000000      -50.000000        3.787147
      345.000000      -55.000000        3.841404
      345.000000      -60.000000        3.917934
      345.000000      -65.000000        4.006757
      345.000000      -70.000000        4.082446
      345.000000      -75.000000        4.133277
      345.000000      -80.000000        4.100952
      345.000000      -85.000000        3.940325
      345.000000      -90.000000        3.939712
      360.000000       90.000000        1.858394
      360.000000       85.000000        2.131504
      360.000000       80.000000        2.326953
      360.000000       75.000000        2.009503
      360.000000       70.000000        1.584400
      360.000000       65.000000        1.247910
      360.000000       60.000000        1.328460
      360.000000       55.000000        1.835183
      360.000000       50.000000        2.439443
      360.000000       45.000000        2.986514
      360.000000       40.000000        3.414232
      360.000000       35.000000        3.691767
      360.000000       30.000000        3.839078
      360.000000       25.000000        3.917211
      360.000000       20.000000        3.967451
      360.000000       15.000000        4.058582
      360.000000       10.000000        4.140275
      360.000000        5.000000        4.124720
      360.000000    0.000000E+00        3.812675
      360.000000       -5.000000        3.640019
      360.000000      -10.000000        3.801871
      360.000000      -15.000000        3.884561
      360.000000      -20.000000        3.805304
      360.000000      -25.000000        3.759467
      360.000000      -30.000000        3.791957
      360.000000      -35.000000        3.834062
      360.000000      -40.000000        3.866374
      360.000000      -45.000000        3.888371
      360.000000      -50.000000        3.908722
      360.000000      -55.000000        3.919224
      360.000000      -60.000000        3.965407
      360.000000      -65.000000        4.006371
      360.000000      -70.000000        4.055316
      360.000000      -75.000000        4.081532
      360.000000      -80.000000        4.020323
      360.000000      -85.000000        3.934108
      360.000000      -90.000000        3.939712
