    0.000000E+00       90.000000        1.165251
    0.000000E+00       85.000000        1.303898
    0.000000E+00       80.000000        1.279596
    0.000000E+00       75.000000        1.027926
    0.000000E+00       70.000000    7.301214E-01
    0.000000E+00       65.000000    6.935917E-01
    0.000000E+00       60.000000    7.357826E-01
    0.000000E+00       55.000000    8.678073E-01
    0.000000E+00       50.000000        1.123418
    0.000000E+00       45.000000        1.477643
    0.000000E+00       40.000000        1.778973
    0.000000E+00       35.000000        1.904748
    0.000000E+00       30.000000        1.883002
    0.000000E+00       25.000000        1.819424
    0.000000E+00       20.000000        1.796130
    0.000000E+00       15.000000        1.955399
    0.000000E+00       10.000000        2.263487
    0.000000E+00        5.000000        2.532018
    0.000000E+00    0.000000E+00        2.577607
    0.000000E+00       -5.000000        2.526999
    0.000000E+00      -10.000000        2.620615
    0.000000E+00      -15.000000        2.595073
    0.000000E+00      -20.000000        2.835209
    0.000000E+00      -25.000000        3.172561
    0.000000E+00      -30.000000        3.240206
    0.000000E+00      -35.000000        3.096223
    0.000000E+00      -40.000000        2.977417
    0.000000E+00      -45.000000        2.916160
    0.000000E+00      -50.000000        2.948059
    0.000000E+00      -55.000000        3.084145
    0.000000E+00      -60.000000        3.323268
    0.000000E+00      -65.000000        3.489266
    0.000000E+00      -70.000000        3.625792
    0.000000E+00      -75.000000        3.668967
    0.000000E+00      -80.000000        3.689892
    0.000000E+00      -85.000000        3.754416
    0.000000E+00      -90.000000        3.841885
       15.000000       90.000000        1.353587
       15.000000       85.000000        1.396947
       15.000000       80.000000        1.187917
       15.000000       75.000000    7.926252E-01
       15.000000       70.000000    6.544241E-01
       15.000000       65.000000    6.924018E-01
       15.000000       60.000000    8.131312E-01
       15.000000       55.000000        1.002218
       15.000000       50.000000        1.350162
       15.000000       45.000000        1.716718
       15.000000       40.000000        1.910717
       15.000000       35.000000        1.909976
       15.000000       30.000000        1.852930
       15.000000       25.000000        1.783664
       15.000000       20.000000        1.871723
       15.000000       15.000000        2.145369
       15.000000       10.000000        2.441729
       15.000000        5.000000        2.573995
       15.000000    0.000000E+00        2.513614
       15.000000       -5.000000        2.614438
       15.000000      -10.000000        2.593123
       15.000000      -15.000000        2.716799
       15.000000      -20.000000        3.001143
       15.000000      -25.000000        3.147350
       15.000000      -30.000000        3.060253
       15.000000      -35.000000        2.911983
       15.000000      -40.000000        2.803319
       15.000000      -45.000000        2.760921
       15.000000      -50.000000        2.818490
       15.000000      -55.000000        2.995067
       15.000000      -60.000000        3.224755
       15.000000      -65.000000        3.408477
       15.000000      -70.000000        3.525322
       15.000000      -75.000000        3.576690
       15.000000      -80.000000        3.622013
       15.000000      -85.000000        3.734255
       15.000000      -90.000000        3.820504
       30.000000       90.000000        1.543768
       30.000000       85.000000        1.300590
       30.000000       80.000000    9.157572E-01
       30.000000       75.000000    6.319386E-01
       30.000000       70.000000    6.251020E-01
       30.000000       65.000000    7.284032E-01
       30.000000       60.000000    9.008318E-01
       30.000000       55.000000        1.211060
       30.000000       50.000000        1.571361
       30.000000       45.000000        1.824604
       30.000000       40.000000        1.899234
       30.000000       35.000000        1.862337
       30.000000       30.000000        1.799185
       30.000000       25.000000        1.827417
       30.000000       20.000000        2.033313
       30.000000       15.000000        2.334232
       30.000000       10.000000        2.547539
       30.000000        5.000000        2.561031
       30.000000    0.000000E+00        2.564524
       30.000000       -5.000000        2.648337
       30.000000      -10.000000        2.661578
       30.000000      -15.000000        2.849032
       30.000000      -20.000000        3.063643
       30.000000      -25.000000        3.058941
       30.000000      -30.000000        2.888475
       30.000000      -35.000000        2.741309
       30.000000      -40.000000        2.638771
       30.000000      -45.000000        2.618626
       30.000000      -50.000000        2.678939
       30.000000      -55.000000        2.880242
       30.000000      -60.000000        3.142905
       30.000000      -65.000000        3.332797
       30.000000      -70.000000        3.440348
       30.000000      -75.000000        3.489497
       30.000000      -80.000000        3.590112
       30.000000      -85.000000        3.719751
       30.000000      -90.000000        3.807978
       45.000000       90.000000        1.313448
       45.000000       85.000000    9.376768E-01
       45.000000       80.000000    7.514663E-01
       45.000000       75.000000    6.309701E-01
       45.000000       70.000000    6.245124E-01
       45.000000       65.000000    7.650440E-01
       45.000000       60.000000        1.017085
       45.000000       55.000000        1.389641
       45.000000       50.000000        1.720284
       45.000000       45.000000        1.877673
       45.000000       40.000000        1.859875
       45.000000       35.000000        1.814472
       45.000000       30.000000        1.777537
       45.000000       25.000000        1.925245
       45.000000       20.000000        2.232587
       45.000000       15.000000        2.524344
       45.000000       10.000000        2.620261
       45.000000        5.000000        2.516269
       45.000000    0.000000E+00        2.680840
       45.000000       -5.000000        2.645083
       45.000000      -10.000000        2.744081
       45.000000      -15.000000        2.986551
       45.000000      -20.000000        3.070151
       45.000000      -25.000000        2.918327
       45.000000      -30.000000        2.739241
       45.000000      -35.000000        2.611800
       45.000000      -40.000000        2.512291
       45.000000      -45.000000        2.473928
       45.000000      -50.000000        2.565738
       45.000000      -55.000000        2.780696
       45.000000      -60.000000        3.038222
       45.000000      -65.000000        3.248802
       45.000000      -70.000000        3.355438
       45.000000      -75.000000        3.437171
       45.000000      -80.000000        3.589804
       45.000000      -85.000000        3.709484
       45.000000      -90.000000        3.790202
       60.000000       90.000000        1.308012
       60.000000       85.000000    8.680152E-01
       60.000000       80.000000    7.053474E-01
       60.000000       75.000000    5.803630E-01
       60.000000       70.000000    6.231348E-01
       60.000000       65.000000    8.209139E-01
       60.000000       60.000000        1.158536
       60.000000       55.000000        1.525386
       60.000000       50.000000        1.772978
       60.000000       45.000000        1.840684
       60.000000       40.000000        1.815716
       60.000000       35.000000        1.781824
       60.000000       30.000000        1.857095
       60.000000       25.000000        2.101851
       60.000000       20.000000        2.402596
       60.000000       15.000000        2.595251
       60.000000       10.000000        2.591270
       60.000000        5.000000        2.613880
       60.000000    0.000000E+00        2.690166
       60.000000       -5.000000        2.709790
       60.000000      -10.000000        2.867425
       60.000000      -15.000000        3.038861
       60.000000      -20.000000        3.005714
       60.000000      -25.000000        2.811526
       60.000000      -30.000000        2.635470
       60.000000      -35.000000        2.504987
       60.000000      -40.000000        2.401510
       60.000000      -45.000000        2.375562
       60.000000      -50.000000        2.484612
       60.000000      -55.000000        2.692055
       60.000000      -60.000000        2.947915
       60.000000      -65.000000        3.146092
       60.000000      -70.000000        3.261071
       60.000000      -75.000000        3.465864
       60.000000      -80.000000        3.600696
       60.000000      -85.000000        3.705314
       60.000000      -90.000000        3.775262
       75.000000       90.000000        1.329462
       75.000000       85.000000    8.979238E-01
       75.000000       80.000000    6.681853E-01
       75.000000       75.000000    5.672183E-01
       75.000000       70.000000    6.021629E-01
       75.000000       65.000000    8.589752E-01
       75.000000       60.000000        1.256819
       75.000000       55.000000        1.615855
       75.000000       50.000000        1.785607
       75.000000       45.000000        1.799827
       75.000000       40.000000        1.774055
       75.000000       35.000000        1.754940
       75.000000       30.000000        1.933542
       75.000000       25.000000        2.253951
       75.000000       20.000000        2.545490
       75.000000       15.000000        2.657131
       75.000000       10.000000        2.564144
       75.000000        5.000000        2.692018
       75.000000    0.000000E+00        2.687905
       75.000000       -5.000000        2.763940
       75.000000      -10.000000        2.986033
       75.000000      -15.000000        3.119013
       75.000000      -20.000000        2.961998
       75.000000      -25.000000        2.755569
       75.000000      -30.000000        2.574811
       75.000000      -35.000000        2.436763
       75.000000      -40.000000        2.328675
       75.000000      -45.000000        2.320358
       75.000000      -50.000000        2.412883
       75.000000      -55.000000        2.611318
       75.000000      -60.000000        2.853227
       75.000000      -65.000000        3.033860
       75.000000      -70.000000        3.284267
       75.000000      -75.000000        3.509669
       75.000000      -80.000000        3.665849
       75.000000      -85.000000        3.708902
       75.000000      -90.000000        3.773450
       90.000000       90.000000        1.360364
       90.000000       85.000000    9.272115E-01
       90.000000       80.000000    6.522358E-01
       90.000000       75.000000    5.543621E-01
       90.000000       70.000000    6.049901E-01
       90.000000       65.000000    9.007016E-01
       90.000000       60.000000        1.302440
       90.000000       55.000000        1.623814
       90.000000       50.000000        1.750976
       90.000000       45.000000        1.753013
       90.000000       40.000000        1.733917
       90.000000       35.000000        1.761597
       90.000000       30.000000        2.013580
       90.000000       25.000000        2.352959
       90.000000       20.000000        2.593333
       90.000000       15.000000        2.631265
       90.000000       10.000000        2.541559
       90.000000        5.000000        2.669410
       90.000000    0.000000E+00        2.682069
       90.000000       -5.000000        2.827631
       90.000000      -10.000000        3.085732
       90.000000      -15.000000        3.181716
       90.000000      -20.000000        2.978116
       90.000000      -25.000000        2.744891
       90.000000      -30.000000        2.550887
       90.000000      -35.000000        2.412306
       90.000000      -40.000000        2.302481
       90.000000      -45.000000        2.294648
       90.000000      -50.000000        2.362365
       90.000000      -55.000000        2.532534
       90.000000      -60.000000        2.776260
       90.000000      -65.000000        2.945810
       90.000000      -70.000000        3.343423
       90.000000      -75.000000        3.562306
       90.000000      -80.000000        3.700174
       90.000000      -85.000000        3.720678
       90.000000      -90.000000        3.794755
      105.000000       90.000000        1.402050
      105.000000       85.000000    9.651268E-01
      105.000000       80.000000    6.517286E-01
      105.000000       75.000000    5.466886E-01
      105.000000       70.000000    5.997374E-01
      105.000000       65.000000    9.095570E-01
      105.000000       60.000000        1.298232
      105.000000       55.000000        1.586329
      105.000000       50.000000        1.693033
      105.000000       45.000000        1.688440
      105.000000       40.000000        1.669206
      105.000000       35.000000        1.735810
      105.000000       30.000000        2.040957
      105.000000       25.000000        2.394222
      105.000000       20.000000        2.608429
      105.000000       15.000000        2.602910
      105.000000       10.000000        2.537919
      105.000000        5.000000        2.636682
      105.000000    0.000000E+00        2.674962
      105.000000       -5.000000        2.852221
      105.000000      -10.000000        3.114268
      105.000000      -15.000000        3.199420
      105.000000      -20.000000        2.974403
      105.000000      -25.000000        2.723525
      105.000000      -30.000000        2.535322
      105.000000      -35.000000        2.399639
      105.000000      -40.000000        2.299735
      105.000000      -45.000000        2.286667
      105.000000      -50.000000        2.341515
      105.000000      -55.000000        2.488517
      105.000000      -60.000000        2.704897
      105.000000      -65.000000        2.962982
      105.000000      -70.000000        3.338399
      105.000000      -75.000000        3.576876
      105.000000      -80.000000        3.675937
      105.000000      -85.000000        3.731785
      105.000000      -90.000000        3.805248
      120.000000       90.000000        1.463495
      120.000000       85.000000        1.027642
      120.000000       80.000000    6.558883E-01
      120.000000       75.000000    5.391872E-01
      120.000000       70.000000    5.709687E-01
      120.000000       65.000000    8.745258E-01
      120.000000       60.000000        1.255541
      120.000000       55.000000        1.532620
      120.000000       50.000000        1.632822
      120.000000       45.000000        1.627416
      120.000000       40.000000        1.612649
      120.000000       35.000000        1.691041
      120.000000       30.000000        2.040812
      120.000000       25.000000        2.442746
      120.000000       20.000000        2.661436
      120.000000       15.000000        2.660426
      120.000000       10.000000        2.586752
      120.000000        5.000000        2.682420
      120.000000    0.000000E+00        2.707579
      120.000000       -5.000000        2.859299
      120.000000      -10.000000        3.104882
      120.000000      -15.000000        3.213708
      120.000000      -20.000000        3.004789
      120.000000      -25.000000        2.742985
      120.000000      -30.000000        2.543920
      120.000000      -35.000000        2.420106
      120.000000      -40.000000        2.328006
      120.000000      -45.000000        2.318253
      120.000000      -50.000000        2.369644
      120.000000      -55.000000        2.508633
      120.000000      -60.000000        2.721841
      120.000000      -65.000000        3.012467
      120.000000      -70.000000        3.373591
      120.000000      -75.000000        3.595362
      120.000000      -80.000000        3.698710
      120.000000      -85.000000        3.708607
      120.000000      -90.000000        3.690505
      135.000000       90.000000        1.488217
      135.000000       85.000000        1.105019
      135.000000       80.000000    7.082222E-01
      135.000000       75.000000    5.363050E-01
      135.000000       70.000000    5.162892E-01
      135.000000       65.000000    7.990288E-01
      135.000000       60.000000        1.178380
      135.000000       55.000000        1.465836
      135.000000       50.000000        1.574852
      135.000000       45.000000        1.573724
      135.000000       40.000000        1.563211
      135.000000       35.000000        1.607722
      135.000000       30.000000        1.967620
      135.000000       25.000000        2.425758
      135.000000       20.000000        2.698956
      135.000000       15.000000        2.726639
      135.000000       10.000000        2.599451
      135.000000        5.000000        2.709418
      135.000000    0.000000E+00        2.708891
      135.000000       -5.000000        2.821584
      135.000000      -10.000000        3.057439
      135.000000      -15.000000        3.254258
      135.000000      -20.000000        3.077806
      135.000000      -25.000000        2.809084
      135.000000      -30.000000        2.594214
      135.000000      -35.000000        2.483805
      135.000000      -40.000000        2.394129
      135.000000      -45.000000        2.394325
      135.000000      -50.000000        2.439513
      135.000000      -55.000000        2.591401
      135.000000      -60.000000        2.808869
      135.000000      -65.000000        3.083900
      135.000000      -70.000000        3.409670
      135.000000      -75.000000        3.596639
      135.000000      -80.000000        3.711797
      135.000000      -85.000000        3.733929
      135.000000      -90.000000        3.695979
      150.000000       90.000000        1.516716
      150.000000       85.000000        1.186503
      150.000000       80.000000    8.266129E-01
      150.000000       75.000000    5.464604E-01
      150.000000       70.000000    4.781750E-01
      150.000000       65.000000    7.051104E-01
      150.000000       60.000000        1.064216
      150.000000       55.000000        1.365272
      150.000000       50.000000        1.503284
      150.000000       45.000000        1.522983
      150.000000       40.000000        1.516813
      150.000000       35.000000        1.533535
      150.000000       30.000000        1.831820
      150.000000       25.000000        2.295806
      150.000000       20.000000        2.639450
      150.000000       15.000000        2.732091
      150.000000       10.000000        2.619433
      150.000000        5.000000        2.662303
      150.000000    0.000000E+00        2.686275
      150.000000       -5.000000        2.768448
      150.000000      -10.000000        2.971377
      150.000000      -15.000000        3.214750
      150.000000      -20.000000        3.173382
      150.000000      -25.000000        2.941848
      150.000000      -30.000000        2.714681
      150.000000      -35.000000        2.582647
      150.000000      -40.000000        2.507899
      150.000000      -45.000000        2.505972
      150.000000      -50.000000        2.569327
      150.000000      -55.000000        2.722485
      150.000000      -60.000000        2.930571
      150.000000      -65.000000        3.163058
      150.000000      -70.000000        3.419241
      150.000000      -75.000000        3.607294
      150.000000      -80.000000        3.679584
      150.000000      -85.000000        3.718835
      150.000000      -90.000000        3.706608
      165.000000       90.000000        1.565172
      165.000000       85.000000        1.267999
      165.000000       80.000000    9.601417E-01
      165.000000       75.000000    6.470481E-01
      165.000000       70.000000    4.968957E-01
      165.000000       65.000000    6.140933E-01
      165.000000       60.000000    9.162927E-01
      165.000000       55.000000        1.226402
      165.000000       50.000000        1.415505
      165.000000       45.000000        1.472063
      165.000000       40.000000        1.470685
      165.000000       35.000000        1.477117
      165.000000       30.000000        1.637895
      165.000000       25.000000        2.059171
      165.000000       20.000000        2.496709
      165.000000       15.000000        2.713003
      165.000000       10.000000        2.665239
      165.000000        5.000000        2.583868
      165.000000    0.000000E+00        2.645276
      165.000000       -5.000000        2.687704
      165.000000      -10.000000        2.851382
      165.000000      -15.000000        3.108736
      165.000000      -20.000000        3.282278
      165.000000      -25.000000        3.113299
      165.000000      -30.000000        2.877839
      165.000000      -35.000000        2.703870
      165.000000      -40.000000        2.632992
      165.000000      -45.000000        2.609866
      165.000000      -50.000000        2.685930
      165.000000      -55.000000        2.837078
      165.000000      -60.000000        3.100864
      165.000000      -65.000000        3.338237
      165.000000      -70.000000        3.470535
      165.000000      -75.000000        3.616771
      165.000000      -80.000000        3.690268
      165.000000      -85.000000        3.720812
      165.000000      -90.000000        3.726714
      180.000000       90.000000        1.618766
      180.000000       85.000000        1.347520
      180.000000       80.000000        1.052638
      180.000000       75.000000    8.265167E-01
      180.000000       70.000000    5.190019E-01
      180.000000       65.000000    5.151630E-01
      180.000000       60.000000    7.564234E-01
      180.000000       55.000000        1.087228
      180.000000       50.000000        1.335221
      180.000000       45.000000        1.422044
      180.000000       40.000000        1.424271
      180.000000       35.000000        1.419269
      180.000000       30.000000        1.434571
      180.000000       25.000000        1.772127
      180.000000       20.000000        2.259845
      180.000000       15.000000        2.637468
      180.000000       10.000000        2.700639
      180.000000        5.000000        2.563382
      180.000000    0.000000E+00        2.582124
      180.000000       -5.000000        2.582296
      180.000000      -10.000000        2.709985
      180.000000      -15.000000        2.954806
      180.000000      -20.000000        3.253686
      180.000000      -25.000000        3.252028
      180.000000      -30.000000        3.053586
      180.000000      -35.000000        2.858363
      180.000000      -40.000000        2.757867
      180.000000      -45.000000        2.734471
      180.000000      -50.000000        2.797991
      180.000000      -55.000000        2.967981
      180.000000      -60.000000        3.206375
      180.000000      -65.000000        3.461750
      180.000000      -70.000000        3.645480
      180.000000      -75.000000        3.641449
      180.000000      -80.000000        3.724674
      180.000000      -85.000000        3.755465
      180.000000      -90.000000        3.756749
      195.000000       90.000000        1.683953
      195.000000       85.000000        1.438160
      195.000000       80.000000        1.151117
      195.000000       75.000000        1.026262
      195.000000       70.000000    6.561539E-01
      195.000000       65.000000    5.075989E-01
      195.000000       60.000000    6.287028E-01
      195.000000       55.000000    8.983862E-01
      195.000000       50.000000        1.167482
      195.000000       45.000000        1.337705
      195.000000       40.000000        1.392933
      195.000000       35.000000        1.389335
      195.000000       30.000000        1.396478
      195.000000       25.000000        1.531667
      195.000000       20.000000        1.942914
      195.000000       15.000000        2.412474
      195.000000       10.000000        2.697914
      195.000000        5.000000        2.674039
      195.000000    0.000000E+00        2.548647
      195.000000       -5.000000        2.585637
      195.000000      -10.000000        2.596227
      195.000000      -15.000000        2.797371
      195.000000      -20.000000        3.097315
      195.000000      -25.000000        3.387696
      195.000000      -30.000000        3.257666
      195.000000      -35.000000        3.058499
      195.000000      -40.000000        2.909220
      195.000000      -45.000000        2.885054
      195.000000      -50.000000        2.921784
      195.000000      -55.000000        3.103114
      195.000000      -60.000000        3.368676
      195.000000      -65.000000        3.582137
      195.000000      -70.000000        3.752293
      195.000000      -75.000000        3.782081
      195.000000      -80.000000        3.750816
      195.000000      -85.000000        3.800429
      195.000000      -90.000000        3.803405
      210.000000       90.000000        1.733906
      210.000000       85.000000        1.524577
      210.000000       80.000000        1.278278
      210.000000       75.000000        1.077257
      210.000000       70.000000    9.508621E-01
      210.000000       65.000000    5.377901E-01
      210.000000       60.000000    5.056386E-01
      210.000000       55.000000    7.215578E-01
      210.000000       50.000000        1.004059
      210.000000       45.000000        1.232242
      210.000000       40.000000        1.349611
      210.000000       35.000000        1.369095
      210.000000       30.000000        1.373851
      210.000000       25.000000        1.397987
      210.000000       20.000000        1.678398
      210.000000       15.000000        2.132674
      210.000000       10.000000        2.555853
      210.000000        5.000000        2.721814
      210.000000    0.000000E+00        2.631304
      210.000000       -5.000000        2.591192
      210.000000      -10.000000        2.584364
      210.000000      -15.000000        2.673308
      210.000000      -20.000000        2.933158
      210.000000      -25.000000        3.252025
      210.000000      -30.000000        3.371811
      210.000000      -35.000000        3.245352
      210.000000      -40.000000        3.095989
      210.000000      -45.000000        3.032097
      210.000000      -50.000000        3.074342
      210.000000      -55.000000        3.222931
      210.000000      -60.000000        3.470592
      210.000000      -65.000000        3.673914
      210.000000      -70.000000        3.840021
      210.000000      -75.000000        3.912012
      210.000000      -80.000000        3.821215
      210.000000      -85.000000        3.832734
      210.000000      -90.000000        3.856400
      225.000000       90.000000        1.789385
      225.000000       85.000000        1.628597
      225.000000       80.000000        1.422334
      225.000000       75.000000        1.148870
      225.000000       70.000000        1.071746
      225.000000       65.000000    8.214344E-01
      225.000000       60.000000    5.366690E-01
      225.000000       55.000000    5.899931E-01
      225.000000       50.000000    8.212814E-01
      225.000000       45.000000        1.087621
      225.000000       40.000000        1.280881
      225.000000       35.000000        1.364142
      225.000000       30.000000        1.370957
      225.000000       25.000000        1.386611
      225.000000       20.000000        1.466043
      225.000000       15.000000        1.857445
      225.000000       10.000000        2.329425
      225.000000        5.000000        2.710998
      225.000000    0.000000E+00        2.767056
      225.000000       -5.000000        2.611773
      225.000000      -10.000000        2.659437
      225.000000      -15.000000        2.612878
      225.000000      -20.000000        2.776693
      225.000000      -25.000000        3.112011
      225.000000      -30.000000        3.433076
      225.000000      -35.000000        3.388508
      225.000000      -40.000000        3.249570
      225.000000      -45.000000        3.159736
      225.000000      -50.000000        3.186513
      225.000000      -55.000000        3.323161
      225.000000      -60.000000        3.576932
      225.000000      -65.000000        3.734648
      225.000000      -70.000000        3.866961
      225.000000      -75.000000        3.941292
      225.000000      -80.000000        3.909230
      225.000000      -85.000000        3.845717
      225.000000      -90.000000        3.906010
      240.000000       90.000000        1.858394
      240.000000       85.000000        1.681150
      240.000000       80.000000        1.504726
      240.000000       75.000000        1.338539
      240.000000       70.000000        1.032355
      240.000000       65.000000        1.111845
      240.000000       60.000000    6.480300E-01
      240.000000       55.000000    5.371076E-01
      240.000000       50.000000    6.791213E-01
      240.000000       45.000000    9.376185E-01
      240.000000       40.000000        1.185497
      240.000000       35.000000        1.337585
      240.000000       30.000000        1.384927
      240.000000       25.000000        1.400513
      240.000000       20.000000        1.436077
      240.000000       15.000000        1.677372
      240.000000       10.000000        2.106141
      240.000000        5.000000        2.543185
      240.000000    0.000000E+00        2.778178
      240.000000       -5.000000        2.738015
      240.000000      -10.000000        2.698331
      240.000000      -15.000000        2.688355
      240.000000      -20.000000        2.733082
      240.000000      -25.000000        2.988307
      240.000000      -30.000000        3.320763
      240.000000      -35.000000        3.458514
      240.000000      -40.000000        3.375656
      240.000000      -45.000000        3.290162
      240.000000      -50.000000        3.294604
      240.000000      -55.000000        3.421879
      240.000000      -60.000000        3.628747
      240.000000      -65.000000        3.803932
      240.000000      -70.000000        3.907270
      240.000000      -75.000000        3.977923
      240.000000      -80.000000        3.948356
      240.000000      -85.000000        3.847034
      240.000000      -90.000000        3.939712
      255.000000       90.000000        1.918945
      255.000000       85.000000        1.673474
      255.000000       80.000000        1.462034
      255.000000       75.000000        1.427455
      255.000000       70.000000        1.207460
      255.000000       65.000000        1.020055
      255.000000       60.000000    9.296041E-01
      255.000000       55.000000    5.660080E-01
      255.000000       50.000000    5.947471E-01
      255.000000       45.000000    8.047715E-01
      255.000000       40.000000        1.084971
      255.000000       35.000000        1.310607
      255.000000       30.000000        1.413950
      255.000000       25.000000        1.432456
      255.000000       20.000000        1.461333
      255.000000       15.000000        1.560858
      255.000000       10.000000        1.940928
      255.000000        5.000000        2.396676
      255.000000    0.000000E+00        2.767555
      255.000000       -5.000000        2.841902
      255.000000      -10.000000        2.730190
      255.000000      -15.000000        2.788212
      255.000000      -20.000000        2.716675
      255.000000      -25.000000        2.893728
      255.000000      -30.000000        3.251955
      255.000000      -35.000000        3.505599
      255.000000      -40.000000        3.426363
      255.000000      -45.000000        3.344064
      255.000000      -50.000000        3.329646
      255.000000      -55.000000        3.447454
      255.000000      -60.000000        3.691370
      255.000000      -65.000000        3.824342
      255.000000      -70.000000        3.911294
      255.000000      -75.000000        3.971535
      255.000000      -80.000000        3.935930
      255.000000      -85.000000        3.868722
      255.000000      -90.000000        3.956905
      270.000000       90.000000        2.067511
      270.000000       85.000000        1.646334
      270.000000       80.000000        1.411650
      270.000000       75.000000        1.405109
      270.000000       70.000000        1.388830
      270.000000       65.000000    9.583670E-01
      270.000000       60.000000        1.087399
      270.000000       55.000000    6.261870E-01
      270.000000       50.000000    5.723272E-01
      270.000000       45.000000    7.302749E-01
      270.000000       40.000000        1.013789
      270.000000       35.000000        1.295334
      270.000000       30.000000        1.445869
      270.000000       25.000000        1.480958
      270.000000       20.000000        1.507155
      270.000000       15.000000        1.559375
      270.000000       10.000000        1.860620
      270.000000        5.000000        2.304418
      270.000000    0.000000E+00        2.731744
      270.000000       -5.000000        2.896271
      270.000000      -10.000000        2.804290
      270.000000      -15.000000        2.871110
      270.000000      -20.000000        2.778889
      270.000000      -25.000000        2.890482
      270.000000      -30.000000        3.216889
      270.000000      -35.000000        3.472059
      270.000000      -40.000000        3.444835
      270.000000      -45.000000        3.374205
      270.000000      -50.000000        3.357172
      270.000000      -55.000000        3.467688
      270.000000      -60.000000        3.696248
      270.000000      -65.000000        3.810190
      270.000000      -70.000000        3.900952
      270.000000      -75.000000        3.965571
      270.000000      -80.000000        3.943849
      270.000000      -85.000000        3.884701
      270.000000      -90.000000        3.958703
      285.000000       90.000000        2.247754
      285.000000       85.000000        1.911241
      285.000000       80.000000        1.438057
      285.000000       75.000000        1.404039
      285.000000       70.000000        1.390724
      285.000000       65.000000        1.050189
      285.000000       60.000000        1.024688
      285.000000       55.000000    7.210289E-01
      285.000000       50.000000    5.956724E-01
      285.000000       45.000000    7.183965E-01
      285.000000       40.000000    9.989450E-01
      285.000000       35.000000        1.312732
      285.000000       30.000000        1.513660
      285.000000       25.000000        1.579710
      285.000000       20.000000        1.619607
      285.000000       15.000000        1.679448
      285.000000       10.000000        1.934820
      285.000000        5.000000        2.336886
      285.000000    0.000000E+00        2.733048
      285.000000       -5.000000        2.901010
      285.000000      -10.000000        2.818780
      285.000000      -15.000000        2.822248
      285.000000      -20.000000        2.757341
      285.000000      -25.000000        2.899999
      285.000000      -30.000000        3.269481
      285.000000      -35.000000        3.551417
      285.000000      -40.000000        3.556486
      285.000000      -45.000000        3.483880
      285.000000      -50.000000        3.459112
      285.000000      -55.000000        3.545349
      285.000000      -60.000000        3.705636
      285.000000      -65.000000        3.820012
      285.000000      -70.000000        3.918821
      285.000000      -75.000000        3.984045
      285.000000      -80.000000        3.949659
      285.000000      -85.000000        3.888752
      285.000000      -90.000000        3.953820
      300.000000       90.000000        2.068423
      300.000000       85.000000        1.709931
      300.000000       80.000000        1.391049
      300.000000       75.000000        1.377710
      300.000000       70.000000        1.393491
      300.000000       65.000000        1.037500
      300.000000       60.000000    9.922239E-01
      300.000000       55.000000    7.138535E-01
      300.000000       50.000000    6.284366E-01
      300.000000       45.000000    7.556278E-01
      300.000000       40.000000        1.068129
      300.000000       35.000000        1.416230
      300.000000       30.000000        1.636663
      300.000000       25.000000        1.709990
      300.000000       20.000000        1.738769
      300.000000       15.000000        1.758404
      300.000000       10.000000        1.952147
      300.000000        5.000000        2.292777
      300.000000    0.000000E+00        2.639923
      300.000000       -5.000000        2.771661
      300.000000      -10.000000        2.678642
      300.000000      -15.000000        2.679328
      300.000000      -20.000000        2.633714
      300.000000      -25.000000        2.841396
      300.000000      -30.000000        3.274619
      300.000000      -35.000000        3.547454
      300.000000      -40.000000        3.531491
      300.000000      -45.000000        3.453251
      300.000000      -50.000000        3.425846
      300.000000      -55.000000        3.501131
      300.000000      -60.000000        3.636873
      300.000000      -65.000000        3.744316
      300.000000      -70.000000        3.850668
      300.000000      -75.000000        3.922208
      300.000000      -80.000000        3.891620
      300.000000      -85.000000        3.854307
      300.000000      -90.000000        3.931202
      315.000000       90.000000        1.567599
      315.000000       85.000000        1.366655
      315.000000       80.000000        1.341902
      315.000000       75.000000        1.358421
      315.000000       70.000000        1.327526
      315.000000       65.000000    9.543780E-01
      315.000000       60.000000    9.253812E-01
      315.000000       55.000000    6.572892E-01
      315.000000       50.000000    6.814873E-01
      315.000000       45.000000    8.392171E-01
      315.000000       40.000000        1.232678
      315.000000       35.000000        1.591849
      315.000000       30.000000        1.782025
      315.000000       25.000000        1.804572
      315.000000       20.000000        1.785265
      315.000000       15.000000        1.742372
      315.000000       10.000000        1.912759
      315.000000        5.000000        2.239563
      315.000000    0.000000E+00        2.571980
      315.000000       -5.000000        2.659025
      315.000000      -10.000000        2.544398
      315.000000      -15.000000        2.588592
      315.000000      -20.000000        2.535963
      315.000000      -25.000000        2.820323
      315.000000      -30.000000        3.302763
      315.000000      -35.000000        3.513885
      315.000000      -40.000000        3.441954
      315.000000      -45.000000        3.361646
      315.000000      -50.000000        3.342337
      315.000000      -55.000000        3.428579
      315.000000      -60.000000        3.575458
      315.000000      -65.000000        3.684379
      315.000000      -70.000000        3.799371
      315.000000      -75.000000        3.871151
      315.000000      -80.000000        3.835373
      315.000000      -85.000000        3.815486
      315.000000      -90.000000        3.899773
      330.000000       90.000000        1.192465
      330.000000       85.000000        1.302824
      330.000000       80.000000        1.326882
      330.000000       75.000000        1.362479
      330.000000       70.000000        1.118217
      330.000000       65.000000    8.996854E-01
      330.000000       60.000000    7.854298E-01
      330.000000       55.000000    7.015815E-01
      330.000000       50.000000    7.966666E-01
      330.000000       45.000000        1.057846
      330.000000       40.000000        1.439343
      330.000000       35.000000        1.738965
      330.000000       30.000000        1.859308
      330.000000       25.000000        1.834440
      330.000000       20.000000        1.771300
      330.000000       15.000000        1.753631
      330.000000       10.000000        1.942396
      330.000000        5.000000        2.265147
      330.000000    0.000000E+00        2.536474
      330.000000       -5.000000        2.570132
      330.000000      -10.000000        2.499334
      330.000000      -15.000000        2.537020
      330.000000      -20.000000        2.552667
      330.000000      -25.000000        2.894975
      330.000000      -30.000000        3.309800
      330.000000      -35.000000        3.417889
      330.000000      -40.000000        3.310066
      330.000000      -45.000000        3.231584
      330.000000      -50.000000        3.225460
      330.000000      -55.000000        3.319064
      330.000000      -60.000000        3.488665
      330.000000      -65.000000        3.609759
      330.000000      -70.000000        3.718526
      330.000000      -75.000000        3.794716
      330.000000      -80.000000        3.770811
      330.000000      -85.000000        3.780563
      330.000000      -90.000000        3.876078
      345.000000       90.000000        1.084110
      345.000000       85.000000        1.298345
      345.000000       80.000000        1.345434
      345.000000       75.000000        1.213970
      345.000000       70.000000    9.228133E-01
      345.000000       65.000000    7.634410E-01
      345.000000       60.000000    7.020369E-01
      345.000000       55.000000    7.578672E-01
      345.000000       50.000000    9.478371E-01
      345.000000       45.000000        1.307050
      345.000000       40.000000        1.664528
      345.000000       35.000000        1.871152
      345.000000       30.000000        1.886039
      345.000000       25.000000        1.823228
      345.000000       20.000000        1.732482
      345.000000       15.000000        1.788667
      345.000000       10.000000        2.042209
      345.000000        5.000000        2.370152
      345.000000    0.000000E+00        2.535663
      345.000000       -5.000000        2.493581
      345.000000      -10.000000        2.517453
      345.000000      -15.000000        2.495573
      345.000000      -20.000000        2.647906
      345.000000      -25.000000        3.032197
      345.000000      -30.000000        3.283369
      345.000000      -35.000000        3.258268
      345.000000      -40.000000        3.143919
      345.000000      -45.000000        3.076099
      345.000000      -50.000000        3.085126
      345.000000      -55.000000        3.189335
      345.000000      -60.000000        3.358909
      345.000000      -65.000000        3.512257
      345.000000      -70.000000        3.632065
      345.000000      -75.000000        3.701625
      345.000000      -80.000000        3.707143
      345.000000      -85.000000        3.743044
      345.000000      -90.000000        3.847557
      360.000000       90.000000        1.165251
      360.000000       85.000000        1.303898
      360.000000       80.000000        1.279596
      360.000000       75.000000        1.027926
      360.000000       70.000000    7.301215E-01
      360.000000       65.000000    6.935918E-01
      360.000000       60.000000    7.357826E-01
      360.000000       55.000000    8.678074E-01
      360.000000       50.000000        1.123418
      360.000000       45.000000        1.477643
      360.000000       40.000000        1.778973
      360.000000       35.000000        1.904748
      360.000000       30.000000        1.883002
      360.000000       25.000000        1.819424
      360.000000       20.000000        1.796130
      360.000000       15.000000        1.955399
      360.000000       10.000000        2.263487
      360.000000        5.000000        2.532018
      360.000000    0.000000E+00        2.577607
      360.000000       -5.000000        2.526999
      360.000000      -10.000000        2.620615
      360.000000      -15.000000        2.595074
      360.000000      -20.000000        2.835209
      360.000000      -25.000000        3.172561
      360.000000      -30.000000        3.240206
      360.000000      -35.000000        3.096223
      360.000000      -40.000000        2.977417
      360.000000      -45.000000        2.916160
      360.000000      -50.000000        2.948059
      360.000000      -55.000000        3.084145
      360.000000      -60.000000        3.323268
      360.000000      -65.000000        3.489266
      360.000000      -70.000000        3.625792
      360.000000      -75.000000        3.668967
      360.000000      -80.000000        3.689892
      360.000000      -85.000000        3.754415
      360.000000      -90.000000        3.841885
