    0.000000E+00       90.000000        2.247754
    0.000000E+00       85.000000        1.804096
    0.000000E+00       80.000000        1.081107
    0.000000E+00       75.000000    4.866256E-01
    0.000000E+00       70.000000    4.521872E-01
    0.000000E+00       65.000000    4.640212E-01
    0.000000E+00       60.000000    4.887985E-01
    0.000000E+00       55.000000    6.017150E-01
    0.000000E+00       50.000000    8.446683E-01
    0.000000E+00       45.000000        1.166945
    0.000000E+00       40.000000        1.445904
    0.000000E+00       35.000000        1.581921
    0.000000E+00       30.000000        1.589935
    0.000000E+00       25.000000        1.520941
    0.000000E+00       20.000000        1.444448
    0.000000E+00       15.000000        1.493474
    0.000000E+00       10.000000        1.620749
    0.000000E+00        5.000000        1.607726
    0.000000E+00    0.000000E+00        1.526802
    0.000000E+00       -5.000000        1.525149
    0.000000E+00      -10.000000        1.721405
    0.000000E+00      -15.000000        1.951397
    0.000000E+00      -20.000000        2.194532
    0.000000E+00      -25.000000        2.361887
    0.000000E+00      -30.000000        2.434224
    0.000000E+00      -35.000000        2.554799
    0.000000E+00      -40.000000        2.765205
    0.000000E+00      -45.000000        2.973826
    0.000000E+00      -50.000000        3.128824
    0.000000E+00      -55.000000        3.303867
    0.000000E+00      -60.000000        3.558095
    0.000000E+00      -65.000000        3.831808
    0.000000E+00      -70.000000        4.039789
    0.000000E+00      -75.000000        4.124870
    0.000000E+00      -80.000000        4.038748
    0.000000E+00      -85.000000        3.932504
    0.000000E+00      -90.000000        3.953820
       15.000000       90.000000        2.068423
       15.000000       85.000000        1.304788
       15.000000       80.000000    6.136242E-01
       15.000000       75.000000    4.614809E-01
       15.000000       70.000000    4.602031E-01
       15.000000       65.000000    4.774580E-01
       15.000000       60.000000    5.386355E-01
       15.000000       55.000000    7.280457E-01
       15.000000       50.000000        1.044479
       15.000000       45.000000        1.380199
       15.000000       40.000000        1.576972
       15.000000       35.000000        1.615587
       15.000000       30.000000        1.569343
       15.000000       25.000000        1.459203
       15.000000       20.000000        1.448763
       15.000000       15.000000        1.585168
       15.000000       10.000000        1.618636
       15.000000        5.000000        1.528559
       15.000000    0.000000E+00        1.472709
       15.000000       -5.000000        1.602712
       15.000000      -10.000000        1.805305
       15.000000      -15.000000        2.041223
       15.000000      -20.000000        2.233786
       15.000000      -25.000000        2.307136
       15.000000      -30.000000        2.368472
       15.000000      -35.000000        2.535386
       15.000000      -40.000000        2.766877
       15.000000      -45.000000        2.953903
       15.000000      -50.000000        3.098680
       15.000000      -55.000000        3.280269
       15.000000      -60.000000        3.523221
       15.000000      -65.000000        3.791409
       15.000000      -70.000000        3.997552
       15.000000      -75.000000        4.055912
       15.000000      -80.000000        3.921540
       15.000000      -85.000000        3.935760
       15.000000      -90.000000        3.931202
       30.000000       90.000000        1.567599
       30.000000       85.000000    8.905988E-01
       30.000000       80.000000    4.728583E-01
       30.000000       75.000000    4.552502E-01
       30.000000       70.000000    4.655867E-01
       30.000000       65.000000    4.995143E-01
       30.000000       60.000000    6.465409E-01
       30.000000       55.000000    9.238133E-01
       30.000000       50.000000        1.256030
       30.000000       45.000000        1.509680
       30.000000       40.000000        1.612760
       30.000000       35.000000        1.600358
       30.000000       30.000000        1.516649
       30.000000       25.000000        1.463717
       30.000000       20.000000        1.539676
       30.000000       15.000000        1.622531
       30.000000       10.000000        1.568064
       30.000000        5.000000        1.448121
       30.000000    0.000000E+00        1.474598
       30.000000       -5.000000        1.684656
       30.000000      -10.000000        1.888231
       30.000000      -15.000000        2.094713
       30.000000      -20.000000        2.209985
       30.000000      -25.000000        2.228207
       30.000000      -30.000000        2.304173
       30.000000      -35.000000        2.524804
       30.000000      -40.000000        2.763871
       30.000000      -45.000000        2.938794
       30.000000      -50.000000        3.088866
       30.000000      -55.000000        3.257223
       30.000000      -60.000000        3.495742
       30.000000      -65.000000        3.761462
       30.000000      -70.000000        3.939717
       30.000000      -75.000000        3.908905
       30.000000      -80.000000        3.880043
       30.000000      -85.000000        3.939337
       30.000000      -90.000000        3.899773
       45.000000       90.000000        1.192465
       45.000000       85.000000    6.047833E-01
       45.000000       80.000000    4.560578E-01
       45.000000       75.000000    4.598760E-01
       45.000000       70.000000    4.811061E-01
       45.000000       65.000000    5.668490E-01
       45.000000       60.000000    7.891308E-01
       45.000000       55.000000        1.122065
       45.000000       50.000000        1.443594
       45.000000       45.000000        1.613939
       45.000000       40.000000        1.635087
       45.000000       35.000000        1.577193
       45.000000       30.000000        1.473035
       45.000000       25.000000        1.508988
       45.000000       20.000000        1.656968
       45.000000       15.000000        1.647824
       45.000000       10.000000        1.490393
       45.000000        5.000000        1.368742
       45.000000    0.000000E+00        1.577058
       45.000000       -5.000000        1.762704
       45.000000      -10.000000        1.956998
       45.000000      -15.000000        2.092570
       45.000000      -20.000000        2.142973
       45.000000      -25.000000        2.141575
       45.000000      -30.000000        2.273800
       45.000000      -35.000000        2.516329
       45.000000      -40.000000        2.759340
       45.000000      -45.000000        2.936647
       45.000000      -50.000000        3.074508
       45.000000      -55.000000        3.251943
       45.000000      -60.000000        3.471176
       45.000000      -65.000000        3.702641
       45.000000      -70.000000        3.829756
       45.000000      -75.000000        3.804768
       45.000000      -80.000000        3.894132
       45.000000      -85.000000        3.938081
       45.000000      -90.000000        3.876078
       60.000000       90.000000        1.165251
       60.000000       85.000000    6.996894E-01
       60.000000       80.000000    5.059863E-01
       60.000000       75.000000    4.607465E-01
       60.000000       70.000000    4.879856E-01
       60.000000       65.000000    6.566019E-01
       60.000000       60.000000        1.023436
       60.000000       55.000000        1.455389
       60.000000       50.000000        1.724291
       60.000000       45.000000        1.781399
       60.000000       40.000000        1.733125
       60.000000       35.000000        1.647670
       60.000000       30.000000        1.624376
       60.000000       25.000000        1.731094
       60.000000       20.000000        1.838445
       60.000000       15.000000        1.857885
       60.000000       10.000000        1.826229
       60.000000        5.000000        1.871961
       60.000000    0.000000E+00        1.974709
       60.000000       -5.000000        2.005514
       60.000000      -10.000000        2.013709
       60.000000      -15.000000        2.004521
       60.000000      -20.000000        1.943137
       60.000000      -25.000000        1.860317
       60.000000      -30.000000        1.847402
       60.000000      -35.000000        1.824235
       60.000000      -40.000000        1.788433
       60.000000      -45.000000        1.992445
       60.000000      -50.000000        2.411270
       60.000000      -55.000000        2.811696
       60.000000      -60.000000        3.183359
       60.000000      -65.000000        3.524899
       60.000000      -70.000000        3.657140
       60.000000      -75.000000        3.790381
       60.000000      -80.000000        3.874441
       60.000000      -85.000000        3.892212
       60.000000      -90.000000        3.841885
       75.000000       90.000000        1.353587
       75.000000       85.000000    9.366828E-01
       75.000000       80.000000    4.680146E-01
       75.000000       75.000000    4.647837E-01
       75.000000       70.000000    5.055322E-01
       75.000000       65.000000    7.700059E-01
       75.000000       60.000000        1.250455
       75.000000       55.000000        1.628021
       75.000000       50.000000        1.766745
       75.000000       45.000000        1.746087
       75.000000       40.000000        1.683796
       75.000000       35.000000        1.592568
       75.000000       30.000000        1.654296
       75.000000       25.000000        1.824414
       75.000000       20.000000        1.872456
       75.000000       15.000000        1.815423
       75.000000       10.000000        1.775932
       75.000000        5.000000        1.906836
       75.000000    0.000000E+00        1.996066
       75.000000       -5.000000        2.028228
       75.000000      -10.000000        2.003635
       75.000000      -15.000000        1.978077
       75.000000      -20.000000        1.863307
       75.000000      -25.000000        1.792658
       75.000000      -30.000000        1.780195
       75.000000      -35.000000        1.761681
       75.000000      -40.000000        1.713696
       75.000000      -45.000000        1.955903
       75.000000      -50.000000        2.383121
       75.000000      -55.000000        2.789365
       75.000000      -60.000000        3.149144
       75.000000      -65.000000        3.444282
       75.000000      -70.000000        3.669181
       75.000000      -75.000000        3.803326
       75.000000      -80.000000        3.862400
       75.000000      -85.000000        3.871312
       75.000000      -90.000000        3.820504
       90.000000       90.000000        1.543768
       90.000000       85.000000        1.058395
       90.000000       80.000000    4.829366E-01
       90.000000       75.000000    4.795258E-01
       90.000000       70.000000    5.763922E-01
       90.000000       65.000000    9.295306E-01
       90.000000       60.000000        1.387173
       90.000000       55.000000        1.659827
       90.000000       50.000000        1.734709
       90.000000       45.000000        1.698004
       90.000000       40.000000        1.633322
       90.000000       35.000000        1.572945
       90.000000       30.000000        1.697030
       90.000000       25.000000        1.859050
       90.000000       20.000000        1.837744
       90.000000       15.000000        1.728010
       90.000000       10.000000        1.697331
       90.000000        5.000000        1.851904
       90.000000    0.000000E+00        1.973902
       90.000000       -5.000000        2.018174
       90.000000      -10.000000        1.976522
       90.000000      -15.000000        1.948909
       90.000000      -20.000000        1.814400
       90.000000      -25.000000        1.740123
       90.000000      -30.000000        1.704111
       90.000000      -35.000000        1.707612
       90.000000      -40.000000        1.711552
       90.000000      -45.000000        1.934986
       90.000000      -50.000000        2.384429
       90.000000      -55.000000        2.779515
       90.000000      -60.000000        3.134057
       90.000000      -65.000000        3.468238
       90.000000      -70.000000        3.692490
       90.000000      -75.000000        3.808383
       90.000000      -80.000000        3.855533
       90.000000      -85.000000        3.855454
       90.000000      -90.000000        3.807978
      105.000000       90.000000        1.313448
      105.000000       85.000000    8.033755E-01
      105.000000       80.000000    5.910281E-01
      105.000000       75.000000    5.247705E-01
      105.000000       70.000000    6.320882E-01
      105.000000       65.000000        1.015942
      105.000000       60.000000        1.412141
      105.000000       55.000000        1.628662
      105.000000       50.000000        1.666000
      105.000000       45.000000        1.613753
      105.000000       40.000000        1.535909
      105.000000       35.000000        1.501871
      105.000000       30.000000        1.671540
      105.000000       25.000000        1.834588
      105.000000       20.000000        1.786062
      105.000000       15.000000        1.645851
      105.000000       10.000000        1.621410
      105.000000        5.000000        1.771363
      105.000000    0.000000E+00        1.916349
      105.000000       -5.000000        1.964418
      105.000000      -10.000000        1.919991
      105.000000      -15.000000        1.872697
      105.000000      -20.000000        1.740847
      105.000000      -25.000000        1.663743
      105.000000      -30.000000        1.618392
      105.000000      -35.000000        1.628916
      105.000000      -40.000000        1.721905
      105.000000      -45.000000        1.977198
      105.000000      -50.000000        2.391185
      105.000000      -55.000000        2.805209
      105.000000      -60.000000        3.162638
      105.000000      -65.000000        3.466138
      105.000000      -70.000000        3.682247
      105.000000      -75.000000        3.801750
      105.000000      -80.000000        3.834315
      105.000000      -85.000000        3.836742
      105.000000      -90.000000        3.790202
      120.000000       90.000000        1.308012
      120.000000       85.000000    8.020937E-01
      120.000000       80.000000    6.031288E-01
      120.000000       75.000000    5.334387E-01
      120.000000       70.000000    6.470617E-01
      120.000000       65.000000        1.028094
      120.000000       60.000000        1.390450
      120.000000       55.000000        1.580877
      120.000000       50.000000        1.598175
      120.000000       45.000000        1.537815
      120.000000       40.000000        1.457739
      120.000000       35.000000        1.425472
      120.000000       30.000000        1.625593
      120.000000       25.000000        1.841111
      120.000000       20.000000        1.798916
      120.000000       15.000000        1.631622
      120.000000       10.000000        1.578758
      120.000000        5.000000        1.722734
      120.000000    0.000000E+00        1.887678
      120.000000       -5.000000        1.949466
      120.000000      -10.000000        1.889412
      120.000000      -15.000000        1.828019
      120.000000      -20.000000        1.680716
      120.000000      -25.000000        1.593888
      120.000000      -30.000000        1.540089
      120.000000      -35.000000        1.533850
      120.000000      -40.000000        1.653654
      120.000000      -45.000000        1.984843
      120.000000      -50.000000        2.412297
      120.000000      -55.000000        2.843056
      120.000000      -60.000000        3.196371
      120.000000      -65.000000        3.469738
      120.000000      -70.000000        3.670817
      120.000000      -75.000000        3.820530
      120.000000      -80.000000        3.801086
      120.000000      -85.000000        3.814023
      120.000000      -90.000000        3.775262
      135.000000       90.000000        1.329462
      135.000000       85.000000    8.233927E-01
      135.000000       80.000000    6.222280E-01
      135.000000       75.000000    5.372232E-01
      135.000000       70.000000    6.174346E-01
      135.000000       65.000000    9.790316E-01
      135.000000       60.000000        1.342435
      135.000000       55.000000        1.535720
      135.000000       50.000000        1.548834
      135.000000       45.000000        1.488224
      135.000000       40.000000        1.413123
      135.000000       35.000000        1.343971
      135.000000       30.000000        1.550603
      135.000000       25.000000        1.855195
      135.000000       20.000000        1.868213
      135.000000       15.000000        1.664044
      135.000000       10.000000        1.550859
      135.000000        5.000000        1.672189
      135.000000    0.000000E+00        1.873612
      135.000000       -5.000000        1.981956
      135.000000      -10.000000        1.909717
      135.000000      -15.000000        1.862167
      135.000000      -20.000000        1.684869
      135.000000      -25.000000        1.570000
      135.000000      -30.000000        1.492892
      135.000000      -35.000000        1.467012
      135.000000      -40.000000        1.521226
      135.000000      -45.000000        1.927068
      135.000000      -50.000000        2.416564
      135.000000      -55.000000        2.832994
      135.000000      -60.000000        3.197342
      135.000000      -65.000000        3.458355
      135.000000      -70.000000        3.640941
      135.000000      -75.000000        3.792394
      135.000000      -80.000000        3.775470
      135.000000      -85.000000        3.815984
      135.000000      -90.000000        3.773450
      150.000000       90.000000        1.360364
      150.000000       85.000000    8.659019E-01
      150.000000       80.000000    6.484836E-01
      150.000000       75.000000    5.399816E-01
      150.000000       70.000000    5.687270E-01
      150.000000       65.000000    8.888769E-01
      150.000000       60.000000        1.256252
      150.000000       55.000000        1.469854
      150.000000       50.000000        1.504570
      150.000000       45.000000        1.455914
      150.000000       40.000000        1.387894
      150.000000       35.000000        1.300085
      150.000000       30.000000        1.450507
      150.000000       25.000000        1.783535
      150.000000       20.000000        1.887767
      150.000000       15.000000        1.709750
      150.000000       10.000000        1.538971
      150.000000        5.000000        1.587661
      150.000000    0.000000E+00        1.774448
      150.000000       -5.000000        1.945534
      150.000000      -10.000000        1.943766
      150.000000      -15.000000        1.899261
      150.000000      -20.000000        1.747676
      150.000000      -25.000000        1.593826
      150.000000      -30.000000        1.488357
      150.000000      -35.000000        1.528979
      150.000000      -40.000000        1.658842
      150.000000      -45.000000        1.973115
      150.000000      -50.000000        2.411949
      150.000000      -55.000000        2.839077
      150.000000      -60.000000        3.212770
      150.000000      -65.000000        3.469704
      150.000000      -70.000000        3.610354
      150.000000      -75.000000        3.721745
      150.000000      -80.000000        3.804457
      150.000000      -85.000000        3.785080
      150.000000      -90.000000        3.794755
      165.000000       90.000000        1.402050
      165.000000       85.000000    9.533230E-01
      165.000000       80.000000    7.112742E-01
      165.000000       75.000000    5.747521E-01
      165.000000       70.000000    5.580847E-01
      165.000000       65.000000    7.749380E-01
      165.000000       60.000000        1.118519
      165.000000       55.000000        1.375880
      165.000000       50.000000        1.463485
      165.000000       45.000000        1.436656
      165.000000       40.000000        1.372832
      165.000000       35.000000        1.293816
      165.000000       30.000000        1.321640
      165.000000       25.000000        1.594657
      165.000000       20.000000        1.846202
      165.000000       15.000000        1.778824
      165.000000       10.000000        1.557573
      165.000000        5.000000        1.485267
      165.000000    0.000000E+00        1.625914
      165.000000       -5.000000        1.833889
      165.000000      -10.000000        1.955718
      165.000000      -15.000000        1.926344
      165.000000      -20.000000        1.854039
      165.000000      -25.000000        1.659873
      165.000000      -30.000000        1.589331
      165.000000      -35.000000        1.616902
      165.000000      -40.000000        1.764613
      165.000000      -45.000000        2.022142
      165.000000      -50.000000        2.429308
      165.000000      -55.000000        2.857442
      165.000000      -60.000000        3.232845
      165.000000      -65.000000        3.478296
      165.000000      -70.000000        3.602255
      165.000000      -75.000000        3.677301
      165.000000      -80.000000        3.733592
      165.000000      -85.000000        3.745363
      165.000000      -90.000000        3.805248
      180.000000       90.000000        1.463495
      180.000000       85.000000        1.119673
      180.000000       80.000000    8.078392E-01
      180.000000       75.000000    6.052128E-01
      180.000000       70.000000    5.347869E-01
      180.000000       65.000000    6.381058E-01
      180.000000       60.000000    9.656469E-01
      180.000000       55.000000        1.280895
      180.000000       50.000000        1.430354
      180.000000       45.000000        1.428094
      180.000000       40.000000        1.368766
      180.000000       35.000000        1.296149
      180.000000       30.000000        1.200230
      180.000000       25.000000        1.367700
      180.000000       20.000000        1.724897
      180.000000       15.000000        1.822893
      180.000000       10.000000        1.634941
      180.000000        5.000000        1.456733
      180.000000    0.000000E+00        1.499459
      180.000000       -5.000000        1.682232
      180.000000      -10.000000        1.865224
      180.000000      -15.000000        1.925939
      180.000000      -20.000000        1.926577
      180.000000      -25.000000        1.783498
      180.000000      -30.000000        1.692856
      180.000000      -35.000000        1.698699
      180.000000      -40.000000        1.833419
      180.000000      -45.000000        2.090694
      180.000000      -50.000000        2.460602
      180.000000      -55.000000        2.874162
      180.000000      -60.000000        3.244110
      180.000000      -65.000000        3.480900
      180.000000      -70.000000        3.644314
      180.000000      -75.000000        3.664027
      180.000000      -80.000000        3.705050
      180.000000      -85.000000        3.721634
      180.000000      -90.000000        3.690505
      195.000000       90.000000        1.488217
      195.000000       85.000000        1.254398
      195.000000       80.000000    9.109628E-01
      195.000000       75.000000    6.532494E-01
      195.000000       70.000000    5.287409E-01
      195.000000       65.000000    5.560891E-01
      195.000000       60.000000    7.921702E-01
      195.000000       55.000000        1.106924
      195.000000       50.000000        1.330608
      195.000000       45.000000        1.404180
      195.000000       40.000000        1.372650
      195.000000       35.000000        1.299394
      195.000000       30.000000        1.215204
      195.000000       25.000000        1.205379
      195.000000       20.000000        1.448825
      195.000000       15.000000        1.747186
      195.000000       10.000000        1.753830
      195.000000        5.000000        1.560185
      195.000000    0.000000E+00        1.451943
      195.000000       -5.000000        1.550967
      195.000000      -10.000000        1.730407
      195.000000      -15.000000        1.886702
      195.000000      -20.000000        1.928903
      195.000000      -25.000000        1.927065
      195.000000      -30.000000        1.794612
      195.000000      -35.000000        1.782869
      195.000000      -40.000000        1.865592
      195.000000      -45.000000        2.118911
      195.000000      -50.000000        2.475510
      195.000000      -55.000000        2.882207
      195.000000      -60.000000        3.258533
      195.000000      -65.000000        3.510233
      195.000000      -70.000000        3.682543
      195.000000      -75.000000        3.723396
      195.000000      -80.000000        3.700072
      195.000000      -85.000000        3.713124
      195.000000      -90.000000        3.695979
      210.000000       90.000000        1.516716
      210.000000       85.000000        1.373143
      210.000000       80.000000        1.073217
      210.000000       75.000000    7.883816E-01
      210.000000       70.000000    5.858641E-01
      210.000000       65.000000    5.082849E-01
      210.000000       60.000000    6.075568E-01
      210.000000       55.000000    9.181073E-01
      210.000000       50.000000        1.212257
      210.000000       45.000000        1.354746
      210.000000       40.000000        1.371839
      210.000000       35.000000        1.320348
      210.000000       30.000000        1.248380
      210.000000       25.000000        1.147110
      210.000000       20.000000        1.244120
      210.000000       15.000000        1.557190
      210.000000       10.000000        1.757909
      210.000000        5.000000        1.696596
      210.000000    0.000000E+00        1.542748
      210.000000       -5.000000        1.523916
      210.000000      -10.000000        1.637869
      210.000000      -15.000000        1.798520
      210.000000      -20.000000        1.906303
      210.000000      -25.000000        1.947930
      210.000000      -30.000000        1.912501
      210.000000      -35.000000        1.857897
      210.000000      -40.000000        1.924618
      210.000000      -45.000000        2.144337
      210.000000      -50.000000        2.496825
      210.000000      -55.000000        2.885597
      210.000000      -60.000000        3.255994
      210.000000      -65.000000        3.545061
      210.000000      -70.000000        3.727168
      210.000000      -75.000000        3.805939
      210.000000      -80.000000        3.740071
      210.000000      -85.000000        3.719945
      210.000000      -90.000000        3.706608
      225.000000       90.000000        1.565172
      225.000000       85.000000        1.469401
      225.000000       80.000000        1.294101
      225.000000       75.000000    9.416413E-01
      225.000000       70.000000    7.110904E-01
      225.000000       65.000000    5.407479E-01
      225.000000       60.000000    5.362908E-01
      225.000000       55.000000    7.208105E-01
      225.000000       50.000000        1.027793
      225.000000       45.000000        1.268685
      225.000000       40.000000        1.358437
      225.000000       35.000000        1.347615
      225.000000       30.000000        1.283183
      225.000000       25.000000        1.208300
      225.000000       20.000000        1.134934
      225.000000       15.000000        1.327359
      225.000000       10.000000        1.673926
      225.000000        5.000000        1.813512
      225.000000    0.000000E+00        1.707857
      225.000000       -5.000000        1.574376
      225.000000      -10.000000        1.648467
      225.000000      -15.000000        1.750430
      225.000000      -20.000000        1.878357
      225.000000      -25.000000        1.950091
      225.000000      -30.000000        2.002269
      225.000000      -35.000000        1.909131
      225.000000      -40.000000        1.949385
      225.000000      -45.000000        2.155438
      225.000000      -50.000000        2.512231
      225.000000      -55.000000        2.900511
      225.000000      -60.000000        3.264833
      225.000000      -65.000000        3.566480
      225.000000      -70.000000        3.776616
      225.000000      -75.000000        3.857533
      225.000000      -80.000000        3.819210
      225.000000      -85.000000        3.740264
      225.000000      -90.000000        3.726714
      240.000000       90.000000        1.618766
      240.000000       85.000000        1.495470
      240.000000       80.000000        1.440938
      240.000000       75.000000        1.229239
      240.000000       70.000000    8.585261E-01
      240.000000       65.000000    6.001132E-01
      240.000000       60.000000    4.957704E-01
      240.000000       55.000000    5.610143E-01
      240.000000       50.000000    8.305489E-01
      240.000000       45.000000        1.143671
      240.000000       40.000000        1.319191
      240.000000       35.000000        1.366964
      240.000000       30.000000        1.331584
      240.000000       25.000000        1.268223
      240.000000       20.000000        1.177771
      240.000000       15.000000        1.230620
      240.000000       10.000000        1.504320
      240.000000        5.000000        1.767429
      240.000000    0.000000E+00        1.820405
      240.000000       -5.000000        1.719333
      240.000000      -10.000000        1.693531
      240.000000      -15.000000        1.757773
      240.000000      -20.000000        1.831463
      240.000000      -25.000000        1.925608
      240.000000      -30.000000        2.004989
      240.000000      -35.000000        1.960285
      240.000000      -40.000000        1.985424
      240.000000      -45.000000        2.217919
      240.000000      -50.000000        2.573184
      240.000000      -55.000000        2.949708
      240.000000      -60.000000        3.296438
      240.000000      -65.000000        3.608098
      240.000000      -70.000000        3.824502
      240.000000      -75.000000        3.934384
      240.000000      -80.000000        3.909673
      240.000000      -85.000000        3.774237
      240.000000      -90.000000        3.756749
      255.000000       90.000000        1.683953
      255.000000       85.000000        1.506852
      255.000000       80.000000        1.439084
      255.000000       75.000000        1.384390
      255.000000       70.000000        1.117909
      255.000000       65.000000    7.527710E-01
      255.000000       60.000000    5.210238E-01
      255.000000       55.000000    4.952105E-01
      255.000000       50.000000    6.257518E-01
      255.000000       45.000000    9.343703E-01
      255.000000       40.000000        1.236968
      255.000000       35.000000        1.374428
      255.000000       30.000000        1.394421
      255.000000       25.000000        1.339178
      255.000000       20.000000        1.272374
      255.000000       15.000000        1.211806
      255.000000       10.000000        1.398891
      255.000000        5.000000        1.736483
      255.000000    0.000000E+00        1.931611
      255.000000       -5.000000        1.897675
      255.000000      -10.000000        1.798858
      255.000000      -15.000000        1.871093
      255.000000      -20.000000        1.881581
      255.000000      -25.000000        1.942939
      255.000000      -30.000000        2.056076
      255.000000      -35.000000        2.113653
      255.000000      -40.000000        2.051423
      255.000000      -45.000000        2.239406
      255.000000      -50.000000        2.610595
      255.000000      -55.000000        2.980700
      255.000000      -60.000000        3.340554
      255.000000      -65.000000        3.667179
      255.000000      -70.000000        3.887896
      255.000000      -75.000000        3.988632
      255.000000      -80.000000        3.990937
      255.000000      -85.000000        3.842948
      255.000000      -90.000000        3.803405
      270.000000       90.000000        1.733906
      270.000000       85.000000        1.520395
      270.000000       80.000000        1.437128
      270.000000       75.000000        1.373247
      270.000000       70.000000        1.337856
      270.000000       65.000000    8.536878E-01
      270.000000       60.000000    5.378119E-01
      270.000000       55.000000    4.730235E-01
      270.000000       50.000000    5.213265E-01
      270.000000       45.000000    7.525722E-01
      270.000000       40.000000        1.090041
      270.000000       35.000000        1.337950
      270.000000       30.000000        1.436133
      270.000000       25.000000        1.417289
      270.000000       20.000000        1.363864
      270.000000       15.000000        1.276230
      270.000000       10.000000        1.384602
      270.000000        5.000000        1.710506
      270.000000    0.000000E+00        1.995306
      270.000000       -5.000000        2.030910
      270.000000      -10.000000        1.918617
      270.000000      -15.000000        1.952187
      270.000000      -20.000000        1.928170
      270.000000      -25.000000        1.974733
      270.000000      -30.000000        2.102113
      270.000000      -35.000000        2.205751
      270.000000      -40.000000        2.229584
      270.000000      -45.000000        2.399733
      270.000000      -50.000000        2.688549
      270.000000      -55.000000        3.023588
      270.000000      -60.000000        3.390156
      270.000000      -65.000000        3.721512
      270.000000      -70.000000        3.939882
      270.000000      -75.000000        4.046459
      270.000000      -80.000000        4.055184
      270.000000      -85.000000        3.910891
      270.000000      -90.000000        3.856400
      285.000000       90.000000        1.789385
      285.000000       85.000000        1.547834
      285.000000       80.000000        1.442268
      285.000000       75.000000        1.373333
      285.000000       70.000000        1.314573
      285.000000       65.000000    8.932586E-01
      285.000000       60.000000    5.659613E-01
      285.000000       55.000000    4.757771E-01
      285.000000       50.000000    5.021891E-01
      285.000000       45.000000    6.831080E-01
      285.000000       40.000000    9.824479E-01
      285.000000       35.000000        1.292608
      285.000000       30.000000        1.476184
      285.000000       25.000000        1.511212
      285.000000       20.000000        1.489081
      285.000000       15.000000        1.424360
      285.000000       10.000000        1.513851
      285.000000        5.000000        1.800017
      285.000000    0.000000E+00        2.054147
      285.000000       -5.000000        2.092620
      285.000000      -10.000000        1.970822
      285.000000      -15.000000        1.941460
      285.000000      -20.000000        1.944633
      285.000000      -25.000000        2.075728
      285.000000      -30.000000        2.299166
      285.000000      -35.000000        2.442935
      285.000000      -40.000000        2.453979
      285.000000      -45.000000        2.538257
      285.000000      -50.000000        2.740194
      285.000000      -55.000000        3.040960
      285.000000      -60.000000        3.421479
      285.000000      -65.000000        3.791526
      285.000000      -70.000000        4.037398
      285.000000      -75.000000        4.147275
      285.000000      -80.000000        4.147801
      285.000000      -85.000000        3.977065
      285.000000      -90.000000        3.906010
      300.000000       90.000000        1.858394
      300.000000       85.000000        1.615299
      300.000000       80.000000        1.629970
      300.000000       75.000000        1.349790
      300.000000       70.000000        1.282864
      300.000000       65.000000    7.809414E-01
      300.000000       60.000000    5.279736E-01
      300.000000       55.000000    4.699968E-01
      300.000000       50.000000    5.003875E-01
      300.000000       45.000000    6.803538E-01
      300.000000       40.000000    9.758389E-01
      300.000000       35.000000        1.314149
      300.000000       30.000000        1.545486
      300.000000       25.000000        1.621323
      300.000000       20.000000        1.618696
      300.000000       15.000000        1.547089
      300.000000       10.000000        1.609053
      300.000000        5.000000        1.838168
      300.000000    0.000000E+00        2.022236
      300.000000       -5.000000        2.013171
      300.000000      -10.000000        1.879899
      300.000000      -15.000000        1.876881
      300.000000      -20.000000        1.897141
      300.000000      -25.000000        2.086954
      300.000000      -30.000000        2.370853
      300.000000      -35.000000        2.525930
      300.000000      -40.000000        2.542303
      300.000000      -45.000000        2.598685
      300.000000      -50.000000        2.747023
      300.000000      -55.000000        3.024739
      300.000000      -60.000000        3.408815
      300.000000      -65.000000        3.794554
      300.000000      -70.000000        4.055577
      300.000000      -75.000000        4.182215
      300.000000      -80.000000        4.189050
      300.000000      -85.000000        4.000405
      300.000000      -90.000000        3.939712
      315.000000       90.000000        1.918945
      315.000000       85.000000        1.866006
      315.000000       80.000000        1.579482
      315.000000       75.000000        1.300392
      315.000000       70.000000        1.138632
      315.000000       65.000000    5.481001E-01
      315.000000       60.000000    4.831951E-01
      315.000000       55.000000    4.649383E-01
      315.000000       50.000000    5.096141E-01
      315.000000       45.000000    7.188199E-01
      315.000000       40.000000        1.044236
      315.000000       35.000000        1.411747
      315.000000       30.000000        1.646659
      315.000000       25.000000        1.708976
      315.000000       20.000000        1.683121
      315.000000       15.000000        1.568692
      315.000000       10.000000        1.608479
      315.000000        5.000000        1.814835
      315.000000    0.000000E+00        1.946204
      315.000000       -5.000000        1.905354
      315.000000      -10.000000        1.766125
      315.000000      -15.000000        1.808676
      315.000000      -20.000000        1.833615
      315.000000      -25.000000        2.073192
      315.000000      -30.000000        2.379699
      315.000000      -35.000000        2.506740
      315.000000      -40.000000        2.488008
      315.000000      -45.000000        2.525385
      315.000000      -50.000000        2.664291
      315.000000      -55.000000        2.971871
      315.000000      -60.000000        3.369663
      315.000000      -65.000000        3.761808
      315.000000      -70.000000        4.026395
      315.000000      -75.000000        4.168874
      315.000000      -80.000000        4.180445
      315.000000      -85.000000        3.983514
      315.000000      -90.000000        3.956905
      330.000000       90.000000        2.067511
      330.000000       85.000000        2.085676
      330.000000       80.000000        1.402662
      330.000000       75.000000        1.244386
      330.000000       70.000000    7.284440E-01
      330.000000       65.000000    4.909688E-01
      330.000000       60.000000    4.699409E-01
      330.000000       55.000000    4.829271E-01
      330.000000       50.000000    5.873173E-01
      330.000000       45.000000    8.400940E-01
      330.000000       40.000000        1.200541
      330.000000       35.000000        1.541092
      330.000000       30.000000        1.730430
      330.000000       25.000000        1.747839
      330.000000       20.000000        1.665487
      330.000000       15.000000        1.565744
      330.000000       10.000000        1.627035
      330.000000        5.000000        1.803530
      330.000000    0.000000E+00        1.889097
      330.000000       -5.000000        1.831019
      330.000000      -10.000000        1.745706
      330.000000      -15.000000        1.799190
      330.000000      -20.000000        1.862162
      330.000000      -25.000000        2.118331
      330.000000      -30.000000        2.380940
      330.000000      -35.000000        2.446880
      330.000000      -40.000000        2.398673
      330.000000      -45.000000        2.426421
      330.000000      -50.000000        2.600296
      330.000000      -55.000000        2.941722
      330.000000      -60.000000        3.346796
      330.000000      -65.000000        3.756984
      330.000000      -70.000000        4.034232
      330.000000      -75.000000        4.164313
      330.000000      -80.000000        4.156569
      330.000000      -85.000000        3.945229
      330.000000      -90.000000        3.958703
      345.000000       90.000000        2.247754
      345.000000       85.000000        1.809191
      345.000000       80.000000        1.295445
      345.000000       75.000000    8.444340E-01
      345.000000       70.000000    4.631982E-01
      345.000000       65.000000    4.638451E-01
      345.000000       60.000000    4.651872E-01
      345.000000       55.000000    5.046251E-01
      345.000000       50.000000    6.837421E-01
      345.000000       45.000000        1.024782
      345.000000       40.000000        1.423764
      345.000000       35.000000        1.699917
      345.000000       30.000000        1.786175
      345.000000       25.000000        1.743398
      345.000000       20.000000        1.604508
      345.000000       15.000000        1.557117
      345.000000       10.000000        1.689295
      345.000000        5.000000        1.833017
      345.000000    0.000000E+00        1.858526
      345.000000       -5.000000        1.771427
      345.000000      -10.000000        1.786131
      345.000000      -15.000000        1.827101
      345.000000      -20.000000        1.956748
      345.000000      -25.000000        2.199981
      345.000000      -30.000000        2.347356
      345.000000      -35.000000        2.326972
      345.000000      -40.000000        2.275779
      345.000000      -45.000000        2.332048
      345.000000      -50.000000        2.554370
      345.000000      -55.000000        2.910999
      345.000000      -60.000000        3.314282
      345.000000      -65.000000        3.707259
      345.000000      -70.000000        3.989052
      345.000000      -75.000000        4.120680
      345.000000      -80.000000        4.078721
      345.000000      -85.000000        3.907883
      345.000000      -90.000000        3.953820
      360.000000       90.000000        2.247754
      360.000000       85.000000        1.804096
      360.000000       80.000000        1.081107
      360.000000       75.000000    4.866256E-01
      360.000000       70.000000    4.521872E-01
      360.000000       65.000000    4.640212E-01
      360.000000       60.000000    4.887985E-01
      360.000000       55.000000    6.017150E-01
      360.000000       50.000000    8.446683E-01
      360.000000       45.000000        1.166945
      360.000000       40.000000        1.445904
      360.000000       35.000000        1.581921
      360.000000       30.000000        1.589935
      360.000000       25.000000        1.520941
      360.000000       20.000000        1.444448
      360.000000       15.000000        1.493473
      360.000000       10.000000        1.620749
      360.000000        5.000000        1.607726
      360.000000    0.000000E+00        1.526802
      360.000000       -5.000000        1.525149
      360.000000      -10.000000        1.721405
      360.000000      -15.000000        1.951397
      360.000000      -20.000000        2.194532
      360.000000      -25.000000        2.361887
      360.000000      -30.000000        2.434223
      360.000000      -35.000000        2.554799
      360.000000      -40.000000        2.765205
      360.000000      -45.000000        2.973826
      360.000000      -50.000000        3.128824
      360.000000      -55.000000        3.303868
      360.000000      -60.000000        3.558095
      360.000000      -65.000000        3.831808
      360.000000      -70.000000        4.039789
      360.000000      -75.000000        4.124870
      360.000000      -80.000000        4.038748
      360.000000      -85.000000        3.932504
      360.000000      -90.000000        3.953820
