    0.000000E+00       90.000000        1.565172
    0.000000E+00       85.000000        1.873706
    0.000000E+00       80.000000        2.372410
    0.000000E+00       75.000000        2.766005
    0.000000E+00       70.000000        2.991233
    0.000000E+00       65.000000        3.511642
    0.000000E+00       60.000000        3.867056
    0.000000E+00       55.000000        3.980257
    0.000000E+00       50.000000        4.052296
    0.000000E+00       45.000000        4.111898
    0.000000E+00       40.000000        4.132544
    0.000000E+00       35.000000        4.132781
    0.000000E+00       30.000000        4.125801
    0.000000E+00       25.000000        4.123977
    0.000000E+00       20.000000        4.130402
    0.000000E+00       15.000000        4.179934
    0.000000E+00       10.000000        4.348978
    0.000000E+00        5.000000        4.649124
    0.000000E+00    0.000000E+00        4.789517
    0.000000E+00       -5.000000        4.520020
    0.000000E+00      -10.000000        4.539103
    0.000000E+00      -15.000000        4.375741
    0.000000E+00      -20.000000        4.215187
    0.000000E+00      -25.000000        4.087176
    0.000000E+00      -30.000000        4.059588
    0.000000E+00      -35.000000        4.005347
    0.000000E+00      -40.000000        3.990546
    0.000000E+00      -45.000000        3.992600
    0.000000E+00      -50.000000        3.984020
    0.000000E+00      -55.000000        3.974175
    0.000000E+00      -60.000000        3.960449
    0.000000E+00      -65.000000        3.948693
    0.000000E+00      -70.000000        3.918572
    0.000000E+00      -75.000000        3.875399
    0.000000E+00      -80.000000        3.817988
    0.000000E+00      -85.000000        3.761253
    0.000000E+00      -90.000000        3.726714
       15.000000       90.000000        1.618766
       15.000000       85.000000        1.954934
       15.000000       80.000000        2.318331
       15.000000       75.000000        2.307459
       15.000000       70.000000        2.769335
       15.000000       65.000000        3.414795
       15.000000       60.000000        3.812587
       15.000000       55.000000        3.942563
       15.000000       50.000000        4.019929
       15.000000       45.000000        4.070339
       15.000000       40.000000        4.085890
       15.000000       35.000000        4.085170
       15.000000       30.000000        4.090127
       15.000000       25.000000        4.100943
       15.000000       20.000000        4.131071
       15.000000       15.000000        4.234026
       15.000000       10.000000        4.515542
       15.000000        5.000000        4.799116
       15.000000    0.000000E+00        4.557630
       15.000000       -5.000000        4.504430
       15.000000      -10.000000        4.397289
       15.000000      -15.000000        4.244933
       15.000000      -20.000000        4.110222
       15.000000      -25.000000        4.068430
       15.000000      -30.000000        4.033029
       15.000000      -35.000000        3.995169
       15.000000      -40.000000        3.985332
       15.000000      -45.000000        3.983791
       15.000000      -50.000000        3.977181
       15.000000      -55.000000        3.968302
       15.000000      -60.000000        3.957266
       15.000000      -65.000000        3.935492
       15.000000      -70.000000        3.893875
       15.000000      -75.000000        3.864018
       15.000000      -80.000000        3.799074
       15.000000      -85.000000        3.768790
       15.000000      -90.000000        3.756749
       30.000000       90.000000        1.683953
       30.000000       85.000000        1.923412
       30.000000       80.000000        1.910629
       30.000000       75.000000        1.910127
       30.000000       70.000000        2.686160
       30.000000       65.000000        3.400030
       30.000000       60.000000        3.739884
       30.000000       55.000000        3.896058
       30.000000       50.000000        3.984001
       30.000000       45.000000        4.026363
       30.000000       40.000000        4.043716
       30.000000       35.000000        4.055341
       30.000000       30.000000        4.073319
       30.000000       25.000000        4.105744
       30.000000       20.000000        4.181710
       30.000000       15.000000        4.383343
       30.000000       10.000000        4.669828
       30.000000        5.000000        4.667352
       30.000000    0.000000E+00        4.446576
       30.000000       -5.000000        4.405216
       30.000000      -10.000000        4.268635
       30.000000      -15.000000        4.133370
       30.000000      -20.000000        4.055319
       30.000000      -25.000000        4.049239
       30.000000      -30.000000        4.011621
       30.000000      -35.000000        3.985295
       30.000000      -40.000000        3.984703
       30.000000      -45.000000        3.980214
       30.000000      -50.000000        3.976033
       30.000000      -55.000000        3.967137
       30.000000      -60.000000        3.957389
       30.000000      -65.000000        3.918241
       30.000000      -70.000000        3.886108
       30.000000      -75.000000        3.837707
       30.000000      -80.000000        3.793088
       30.000000      -85.000000        3.788997
       30.000000      -90.000000        3.803405
       45.000000       90.000000        1.733906
       45.000000       85.000000        1.771171
       45.000000       80.000000        1.598542
       45.000000       75.000000        1.905475
       45.000000       70.000000        2.627553
       45.000000       65.000000        3.324897
       45.000000       60.000000        3.697767
       45.000000       55.000000        3.864085
       45.000000       50.000000        3.934289
       45.000000       45.000000        3.989461
       45.000000       40.000000        4.010621
       45.000000       35.000000        4.035387
       45.000000       30.000000        4.068115
       45.000000       25.000000        4.124863
       45.000000       20.000000        4.244956
       45.000000       15.000000        4.547812
       45.000000       10.000000        4.783969
       45.000000        5.000000        4.417718
       45.000000    0.000000E+00        4.406791
       45.000000       -5.000000        4.296840
       45.000000      -10.000000        4.157285
       45.000000      -15.000000        4.049586
       45.000000      -20.000000        4.050625
       45.000000      -25.000000        4.022407
       45.000000      -30.000000        3.987670
       45.000000      -35.000000        3.981370
       45.000000      -40.000000        3.981468
       45.000000      -45.000000        3.980296
       45.000000      -50.000000        3.976230
       45.000000      -55.000000        3.974828
       45.000000      -60.000000        3.959414
       45.000000      -65.000000        3.910407
       45.000000      -70.000000        3.869704
       45.000000      -75.000000        3.819096
       45.000000      -80.000000        3.806523
       45.000000      -85.000000        3.822075
       45.000000      -90.000000        3.856400
       60.000000       90.000000        1.789385
       60.000000       85.000000        1.628297
       60.000000       80.000000        1.576020
       60.000000       75.000000        1.857821
       60.000000       70.000000        2.584159
       60.000000       65.000000        3.262137
       60.000000       60.000000        3.654510
       60.000000       55.000000        3.830103
       60.000000       50.000000        3.912801
       60.000000       45.000000        3.957563
       60.000000       40.000000        3.989494
       60.000000       35.000000        4.026219
       60.000000       30.000000        4.079942
       60.000000       25.000000        4.175571
       60.000000       20.000000        4.387687
       60.000000       15.000000        4.640428
       60.000000       10.000000        4.560802
       60.000000        5.000000        4.357691
       60.000000    0.000000E+00        4.314308
       60.000000       -5.000000        4.201630
       60.000000      -10.000000        4.083500
       60.000000      -15.000000        4.032981
       60.000000      -20.000000        4.028719
       60.000000      -25.000000        3.996157
       60.000000      -30.000000        3.977367
       60.000000      -35.000000        3.979370
       60.000000      -40.000000        3.981279
       60.000000      -45.000000        3.983698
       60.000000      -50.000000        3.985701
       60.000000      -55.000000        3.991260
       60.000000      -60.000000        3.972847
       60.000000      -65.000000        3.907488
       60.000000      -70.000000        3.857349
       60.000000      -75.000000        3.825803
       60.000000      -80.000000        3.832923
       60.000000      -85.000000        3.870515
       60.000000      -90.000000        3.906010
       75.000000       90.000000        1.858394
       75.000000       85.000000        1.682386
       75.000000       80.000000        1.708108
       75.000000       75.000000        1.812196
       75.000000       70.000000        2.544153
       75.000000       65.000000        3.279170
       75.000000       60.000000        3.664666
       75.000000       55.000000        3.815625
       75.000000       50.000000        3.904376
       75.000000       45.000000        3.948889
       75.000000       40.000000        3.986000
       75.000000       35.000000        4.030897
       75.000000       30.000000        4.103635
       75.000000       25.000000        4.227009
       75.000000       20.000000        4.506948
       75.000000       15.000000        4.691395
       75.000000       10.000000        4.373626
       75.000000        5.000000        4.329832
       75.000000    0.000000E+00        4.265415
       75.000000       -5.000000        4.142437
       75.000000      -10.000000        4.037856
       75.000000      -15.000000        4.032972
       75.000000      -20.000000        4.005161
       75.000000      -25.000000        3.976686
       75.000000      -30.000000        3.976008
       75.000000      -35.000000        3.978084
       75.000000      -40.000000        3.982669
       75.000000      -45.000000        3.987273
       75.000000      -50.000000        4.007921
       75.000000      -55.000000        4.025016
       75.000000      -60.000000        4.006838
       75.000000      -65.000000        3.924214
       75.000000      -70.000000        3.859948
       75.000000      -75.000000        3.864314
       75.000000      -80.000000        3.878644
       75.000000      -85.000000        3.920405
       75.000000      -90.000000        3.939712
       90.000000       90.000000        1.918945
       90.000000       85.000000        1.830091
       90.000000       80.000000        1.855307
       90.000000       75.000000        1.884242
       90.000000       70.000000        2.528250
       90.000000       65.000000        3.290420
       90.000000       60.000000        3.680664
       90.000000       55.000000        3.836465
       90.000000       50.000000        3.884717
       90.000000       45.000000        3.926102
       90.000000       40.000000        3.972220
       90.000000       35.000000        4.031845
       90.000000       30.000000        4.125789
       90.000000       25.000000        4.283557
       90.000000       20.000000        4.548146
       90.000000       15.000000        4.594045
       90.000000       10.000000        4.259918
       90.000000        5.000000        4.266589
       90.000000    0.000000E+00        4.215161
       90.000000       -5.000000        4.100146
       90.000000      -10.000000        4.017386
       90.000000      -15.000000        4.022030
       90.000000      -20.000000        3.984550
       90.000000      -25.000000        3.967484
       90.000000      -30.000000        3.976374
       90.000000      -35.000000        3.979027
       90.000000      -40.000000        3.985342
       90.000000      -45.000000        3.992166
       90.000000      -50.000000        4.021067
       90.000000      -55.000000        4.061883
       90.000000      -60.000000        4.072283
       90.000000      -65.000000        3.973794
       90.000000      -70.000000        3.880015
       90.000000      -75.000000        3.947990
       90.000000      -80.000000        3.933552
       90.000000      -85.000000        3.962875
       90.000000      -90.000000        3.956905
      105.000000       90.000000        2.067511
      105.000000       85.000000        2.013677
      105.000000       80.000000        1.962190
      105.000000       75.000000        1.886912
      105.000000       70.000000        2.410282
      105.000000       65.000000        3.181020
      105.000000       60.000000        3.636131
      105.000000       55.000000        3.851191
      105.000000       50.000000        3.937196
      105.000000       45.000000        3.995261
      105.000000       40.000000        4.045313
      105.000000       35.000000        4.108075
      105.000000       30.000000        4.207769
      105.000000       25.000000        4.378605
      105.000000       20.000000        4.597048
      105.000000       15.000000        4.542974
      105.000000       10.000000        4.260338
      105.000000        5.000000        4.273850
      105.000000    0.000000E+00        4.223080
      105.000000       -5.000000        4.100880
      105.000000      -10.000000        4.018180
      105.000000      -15.000000        4.003851
      105.000000      -20.000000        3.968881
      105.000000      -25.000000        3.967851
      105.000000      -30.000000        3.977501
      105.000000      -35.000000        3.983133
      105.000000      -40.000000        3.990904
      105.000000      -45.000000        4.001810
      105.000000      -50.000000        4.030740
      105.000000      -55.000000        4.065397
      105.000000      -60.000000        4.069552
      105.000000      -65.000000        4.001310
      105.000000      -70.000000        3.972029
      105.000000      -75.000000        3.993809
      105.000000      -80.000000        3.978214
      105.000000      -85.000000        3.988985
      105.000000      -90.000000        3.958703
      120.000000       90.000000        2.247754
      120.000000       85.000000        2.186517
      120.000000       80.000000        2.074731
      120.000000       75.000000        1.920812
      120.000000       70.000000        2.352881
      120.000000       65.000000        3.117918
      120.000000       60.000000        3.600381
      120.000000       55.000000        3.848641
      120.000000       50.000000        3.957089
      120.000000       45.000000        4.024946
      120.000000       40.000000        4.077001
      120.000000       35.000000        4.138922
      120.000000       30.000000        4.236341
      120.000000       25.000000        4.397893
      120.000000       20.000000        4.601215
      120.000000       15.000000        4.535925
      120.000000       10.000000        4.251943
      120.000000        5.000000        4.286522
      120.000000    0.000000E+00        4.254135
      120.000000       -5.000000        4.120862
      120.000000      -10.000000        4.021529
      120.000000      -15.000000        3.998472
      120.000000      -20.000000        3.964277
      120.000000      -25.000000        3.970829
      120.000000      -30.000000        3.981930
      120.000000      -35.000000        3.988323
      120.000000      -40.000000        3.997014
      120.000000      -45.000000        4.007053
      120.000000      -50.000000        4.033434
      120.000000      -55.000000        4.065204
      120.000000      -60.000000        4.079130
      120.000000      -65.000000        4.000055
      120.000000      -70.000000        3.981036
      120.000000      -75.000000        4.010441
      120.000000      -80.000000        3.987638
      120.000000      -85.000000        3.974215
      120.000000      -90.000000        3.953820
      135.000000       90.000000        2.068423
      135.000000       85.000000        2.129334
      135.000000       80.000000        2.105238
      135.000000       75.000000        1.951940
      135.000000       70.000000        2.364522
      135.000000       65.000000        3.110244
      135.000000       60.000000        3.579735
      135.000000       55.000000        3.818078
      135.000000       50.000000        3.945053
      135.000000       45.000000        4.016248
      135.000000       40.000000        4.069137
      135.000000       35.000000        4.127779
      135.000000       30.000000        4.218837
      135.000000       25.000000        4.360641
      135.000000       20.000000        4.593220
      135.000000       15.000000        4.594964
      135.000000       10.000000        4.248543
      135.000000        5.000000        4.318630
      135.000000    0.000000E+00        4.329859
      135.000000       -5.000000        4.182388
      135.000000      -10.000000        4.033377
      135.000000      -15.000000        3.997366
      135.000000      -20.000000        3.964012
      135.000000      -25.000000        3.974267
      135.000000      -30.000000        3.987556
      135.000000      -35.000000        3.992345
      135.000000      -40.000000        4.000990
      135.000000      -45.000000        4.003767
      135.000000      -50.000000        4.024621
      135.000000      -55.000000        4.042161
      135.000000      -60.000000        4.078254
      135.000000      -65.000000        3.983628
      135.000000      -70.000000        3.956137
      135.000000      -75.000000        3.990668
      135.000000      -80.000000        4.014483
      135.000000      -85.000000        3.948943
      135.000000      -90.000000        3.931202
      150.000000       90.000000        1.567599
      150.000000       85.000000        1.864150
      150.000000       80.000000        1.999924
      150.000000       75.000000        1.901310
      150.000000       70.000000        2.384236
      150.000000       65.000000        3.108191
      150.000000       60.000000        3.601400
      150.000000       55.000000        3.800248
      150.000000       50.000000        3.932348
      150.000000       45.000000        4.009061
      150.000000       40.000000        4.063705
      150.000000       35.000000        4.118454
      150.000000       30.000000        4.198041
      150.000000       25.000000        4.324499
      150.000000       20.000000        4.549857
      150.000000       15.000000        4.636420
      150.000000       10.000000        4.363191
      150.000000        5.000000        4.360895
      150.000000    0.000000E+00        4.412355
      150.000000       -5.000000        4.293124
      150.000000      -10.000000        4.100937
      150.000000      -15.000000        3.998387
      150.000000      -20.000000        3.974551
      150.000000      -25.000000        3.978467
      150.000000      -30.000000        3.991594
      150.000000      -35.000000        3.997086
      150.000000      -40.000000        4.001147
      150.000000      -45.000000        4.002811
      150.000000      -50.000000        4.012351
      150.000000      -55.000000        4.024415
      150.000000      -60.000000        4.040751
      150.000000      -65.000000        4.002244
      150.000000      -70.000000        3.939147
      150.000000      -75.000000        3.938889
      150.000000      -80.000000        3.965319
      150.000000      -85.000000        3.930665
      150.000000      -90.000000        3.899773
      165.000000       90.000000        1.192465
      165.000000       85.000000        1.404052
      165.000000       80.000000        1.771947
      165.000000       75.000000        1.948339
      165.000000       70.000000        2.427936
      165.000000       65.000000        3.065471
      165.000000       60.000000        3.549222
      165.000000       55.000000        3.804646
      165.000000       50.000000        3.927365
      165.000000       45.000000        4.013784
      165.000000       40.000000        4.070480
      165.000000       35.000000        4.120838
      165.000000       30.000000        4.183640
      165.000000       25.000000        4.287854
      165.000000       20.000000        4.469752
      165.000000       15.000000        4.648711
      165.000000       10.000000        4.560503
      165.000000        5.000000        4.368046
      165.000000    0.000000E+00        4.487132
      165.000000       -5.000000        4.445507
      165.000000      -10.000000        4.233795
      165.000000      -15.000000        4.030088
      165.000000      -20.000000        3.969652
      165.000000      -25.000000        3.983021
      165.000000      -30.000000        3.992087
      165.000000      -35.000000        4.001515
      165.000000      -40.000000        4.001264
      165.000000      -45.000000        4.002307
      165.000000      -50.000000        4.000007
      165.000000      -55.000000        4.007190
      165.000000      -60.000000        4.009593
      165.000000      -65.000000        4.024191
      165.000000      -70.000000        3.942277
      165.000000      -75.000000        3.913485
      165.000000      -80.000000        3.908545
      165.000000      -85.000000        3.901296
      165.000000      -90.000000        3.876078
      180.000000       90.000000        1.165251
      180.000000       85.000000        1.006785
      180.000000       80.000000        1.099006
      180.000000       75.000000        1.541770
      180.000000       70.000000        2.326503
      180.000000       65.000000        3.112332
      180.000000       60.000000        3.600038
      180.000000       55.000000        3.848207
      180.000000       50.000000        3.993660
      180.000000       45.000000        4.085922
      180.000000       40.000000        4.137553
      180.000000       35.000000        4.180175
      180.000000       30.000000        4.222077
      180.000000       25.000000        4.288499
      180.000000       20.000000        4.441375
      180.000000       15.000000        4.629292
      180.000000       10.000000        4.619209
      180.000000        5.000000        4.277245
      180.000000    0.000000E+00        4.455901
      180.000000       -5.000000        4.561000
      180.000000      -10.000000        4.429462
      180.000000      -15.000000        4.175534
      180.000000      -20.000000        4.041866
      180.000000      -25.000000        4.032947
      180.000000      -30.000000        4.043425
      180.000000      -35.000000        4.050001
      180.000000      -40.000000        4.049169
      180.000000      -45.000000        4.044926
      180.000000      -50.000000        4.038774
      180.000000      -55.000000        4.042112
      180.000000      -60.000000        4.080066
      180.000000      -65.000000        4.104439
      180.000000      -70.000000        4.079998
      180.000000      -75.000000        3.963768
      180.000000      -80.000000        3.918799
      180.000000      -85.000000        3.888900
      180.000000      -90.000000        3.841885
      195.000000       90.000000        1.353587
      195.000000       85.000000        1.239134
      195.000000       80.000000        1.264837
      195.000000       75.000000        1.493172
      195.000000       70.000000        2.358912
      195.000000       65.000000        3.123039
      195.000000       60.000000        3.581355
      195.000000       55.000000        3.835767
      195.000000       50.000000        3.986826
      195.000000       45.000000        4.089253
      195.000000       40.000000        4.153458
      195.000000       35.000000        4.196516
      195.000000       30.000000        4.235250
      195.000000       25.000000        4.281718
      195.000000       20.000000        4.379016
      195.000000       15.000000        4.558017
      195.000000       10.000000        4.685283
      195.000000        5.000000        4.550108
      195.000000    0.000000E+00        4.287779
      195.000000       -5.000000        4.616709
      195.000000      -10.000000        4.578010
      195.000000      -15.000000        4.351232
      195.000000      -20.000000        4.075815
      195.000000      -25.000000        4.035613
      195.000000      -30.000000        4.050298
      195.000000      -35.000000        4.053854
      195.000000      -40.000000        4.056499
      195.000000      -45.000000        4.048129
      195.000000      -50.000000        4.040484
      195.000000      -55.000000        4.029786
      195.000000      -60.000000        4.040742
      195.000000      -65.000000        4.071280
      195.000000      -70.000000        4.077518
      195.000000      -75.000000        4.007186
      195.000000      -80.000000        3.906572
      195.000000      -85.000000        3.872421
      195.000000      -90.000000        3.820504
      210.000000       90.000000        1.543768
      210.000000       85.000000        1.551138
      210.000000       80.000000        1.546647
      210.000000       75.000000        1.800737
      210.000000       70.000000        2.360280
      210.000000       65.000000        3.180173
      210.000000       60.000000        3.595979
      210.000000       55.000000        3.843488
      210.000000       50.000000        3.989830
      210.000000       45.000000        4.092474
      210.000000       40.000000        4.163618
      210.000000       35.000000        4.209454
      210.000000       30.000000        4.247390
      210.000000       25.000000        4.282510
      210.000000       20.000000        4.335486
      210.000000       15.000000        4.485701
      210.000000       10.000000        4.671287
      210.000000        5.000000        4.709439
      210.000000    0.000000E+00        4.400132
      210.000000       -5.000000        4.499219
      210.000000      -10.000000        4.657426
      210.000000      -15.000000        4.496276
      210.000000      -20.000000        4.220096
      210.000000      -25.000000        4.059646
      210.000000      -30.000000        4.052425
      210.000000      -35.000000        4.058849
      210.000000      -40.000000        4.058774
      210.000000      -45.000000        4.053253
      210.000000      -50.000000        4.041667
      210.000000      -55.000000        4.029575
      210.000000      -60.000000        4.023316
      210.000000      -65.000000        4.041506
      210.000000      -70.000000        4.058576
      210.000000      -75.000000        4.046496
      210.000000      -80.000000        3.932015
      210.000000      -85.000000        3.859083
      210.000000      -90.000000        3.807978
      225.000000       90.000000        1.313448
      225.000000       85.000000        1.618489
      225.000000       80.000000        1.842754
      225.000000       75.000000        2.145015
      225.000000       70.000000        2.574934
      225.000000       65.000000        3.188094
      225.000000       60.000000        3.612815
      225.000000       55.000000        3.835540
      225.000000       50.000000        3.980718
      225.000000       45.000000        4.090672
      225.000000       40.000000        4.165476
      225.000000       35.000000        4.218411
      225.000000       30.000000        4.256940
      225.000000       25.000000        4.291715
      225.000000       20.000000        4.327733
      225.000000       15.000000        4.403407
      225.000000       10.000000        4.608799
      225.000000        5.000000        4.777599
      225.000000    0.000000E+00        4.727176
      225.000000       -5.000000        4.265138
      225.000000      -10.000000        4.747437
      225.000000      -15.000000        4.636417
      225.000000      -20.000000        4.377006
      225.000000      -25.000000        4.081576
      225.000000      -30.000000        4.054048
      225.000000      -35.000000        4.061686
      225.000000      -40.000000        4.060926
      225.000000      -45.000000        4.056809
      225.000000      -50.000000        4.043698
      225.000000      -55.000000        4.028914
      225.000000      -60.000000        4.012220
      225.000000      -65.000000        4.016109
      225.000000      -70.000000        4.042116
      225.000000      -75.000000        4.041306
      225.000000      -80.000000        3.963747
      225.000000      -85.000000        3.851336
      225.000000      -90.000000        3.790202
      240.000000       90.000000        1.308012
      240.000000       85.000000        1.590894
      240.000000       80.000000        1.896244
      240.000000       75.000000        2.289134
      240.000000       70.000000        2.767236
      240.000000       65.000000        3.274598
      240.000000       60.000000        3.644889
      240.000000       55.000000        3.846115
      240.000000       50.000000        3.985024
      240.000000       45.000000        4.089743
      240.000000       40.000000        4.164349
      240.000000       35.000000        4.220612
      240.000000       30.000000        4.263125
      240.000000       25.000000        4.298099
      240.000000       20.000000        4.329483
      240.000000       15.000000        4.378095
      240.000000       10.000000        4.530818
      240.000000        5.000000        4.732253
      240.000000    0.000000E+00        4.816081
      240.000000       -5.000000        4.544409
      240.000000      -10.000000        4.567761
      240.000000      -15.000000        4.723093
      240.000000      -20.000000        4.501891
      240.000000      -25.000000        4.219485
      240.000000      -30.000000        4.063998
      240.000000      -35.000000        4.060282
      240.000000      -40.000000        4.062737
      240.000000      -45.000000        4.057710
      240.000000      -50.000000        4.046635
      240.000000      -55.000000        4.029169
      240.000000      -60.000000        4.010232
      240.000000      -65.000000        4.000464
      240.000000      -70.000000        4.016387
      240.000000      -75.000000        4.040456
      240.000000      -80.000000        4.007623
      240.000000      -85.000000        3.861969
      240.000000      -90.000000        3.775262
      255.000000       90.000000        1.329462
      255.000000       85.000000        1.556063
      255.000000       80.000000        1.756332
      255.000000       75.000000        2.248350
      255.000000       70.000000        2.858351
      255.000000       65.000000        3.386069
      255.000000       60.000000        3.710012
      255.000000       55.000000        3.869651
      255.000000       50.000000        4.001656
      255.000000       45.000000        4.090756
      255.000000       40.000000        4.165694
      255.000000       35.000000        4.223238
      255.000000       30.000000        4.268931
      255.000000       25.000000        4.302724
      255.000000       20.000000        4.332172
      255.000000       15.000000        4.363146
      255.000000       10.000000        4.450461
      255.000000        5.000000        4.676000
      255.000000    0.000000E+00        4.851184
      255.000000       -5.000000        4.807003
      255.000000      -10.000000        4.426072
      255.000000      -15.000000        4.814970
      255.000000      -20.000000        4.607749
      255.000000      -25.000000        4.320637
      255.000000      -30.000000        4.069514
      255.000000      -35.000000        4.054830
      255.000000      -40.000000        4.061329
      255.000000      -45.000000        4.058120
      255.000000      -50.000000        4.048542
      255.000000      -55.000000        4.029875
      255.000000      -60.000000        4.009212
      255.000000      -65.000000        3.988604
      255.000000      -70.000000        4.002445
      255.000000      -75.000000        4.034293
      255.000000      -80.000000        4.040009
      255.000000      -85.000000        3.902874
      255.000000      -90.000000        3.773450
      270.000000       90.000000        1.360364
      270.000000       85.000000        1.562107
      270.000000       80.000000        1.693217
      270.000000       75.000000        2.042364
      270.000000       70.000000        2.970503
      270.000000       65.000000        3.555687
      270.000000       60.000000        3.874587
      270.000000       55.000000        3.946998
      270.000000       50.000000        4.037350
      270.000000       45.000000        4.108529
      270.000000       40.000000        4.177421
      270.000000       35.000000        4.231974
      270.000000       30.000000        4.276984
      270.000000       25.000000        4.308622
      270.000000       20.000000        4.334692
      270.000000       15.000000        4.353736
      270.000000       10.000000        4.406741
      270.000000        5.000000        4.614983
      270.000000    0.000000E+00        4.828036
      270.000000       -5.000000        4.921890
      270.000000      -10.000000        4.507470
      270.000000      -15.000000        4.829997
      270.000000      -20.000000        4.703681
      270.000000      -25.000000        4.415581
      270.000000      -30.000000        4.131442
      270.000000      -35.000000        4.055533
      270.000000      -40.000000        4.053711
      270.000000      -45.000000        4.050126
      270.000000      -50.000000        4.042475
      270.000000      -55.000000        4.026648
      270.000000      -60.000000        4.007311
      270.000000      -65.000000        3.987521
      270.000000      -70.000000        3.999700
      270.000000      -75.000000        4.030896
      270.000000      -80.000000        4.034310
      270.000000      -85.000000        3.922652
      270.000000      -90.000000        3.794755
      285.000000       90.000000        1.402050
      285.000000       85.000000        1.579118
      285.000000       80.000000        1.741387
      285.000000       75.000000        2.078103
      285.000000       70.000000        3.070167
      285.000000       65.000000        3.767742
      285.000000       60.000000        4.041442
      285.000000       55.000000        4.090470
      285.000000       50.000000        4.120476
      285.000000       45.000000        4.166978
      285.000000       40.000000        4.217665
      285.000000       35.000000        4.256732
      285.000000       30.000000        4.285302
      285.000000       25.000000        4.300494
      285.000000       20.000000        4.308782
      285.000000       15.000000        4.313390
      285.000000       10.000000        4.358017
      285.000000        5.000000        4.537055
      285.000000    0.000000E+00        4.758496
      285.000000       -5.000000        4.894743
      285.000000      -10.000000        4.570668
      285.000000      -15.000000        4.747631
      285.000000      -20.000000        4.693877
      285.000000      -25.000000        4.426455
      285.000000      -30.000000        4.158716
      285.000000      -35.000000        4.057767
      285.000000      -40.000000        4.050188
      285.000000      -45.000000        4.045686
      285.000000      -50.000000        4.035601
      285.000000      -55.000000        4.016493
      285.000000      -60.000000        3.994457
      285.000000      -65.000000        3.972444
      285.000000      -70.000000        3.970073
      285.000000      -75.000000        3.988358
      285.000000      -80.000000        3.994717
      285.000000      -85.000000        3.910858
      285.000000      -90.000000        3.805248
      300.000000       90.000000        1.463495
      300.000000       85.000000        1.688378
      300.000000       80.000000        1.779266
      300.000000       75.000000        1.876816
      300.000000       70.000000        3.233261
      300.000000       65.000000        3.986960
      300.000000       60.000000        4.235607
      300.000000       55.000000        4.211660
      300.000000       50.000000        4.193984
      300.000000       45.000000        4.226533
      300.000000       40.000000        4.261467
      300.000000       35.000000        4.281066
      300.000000       30.000000        4.292127
      300.000000       25.000000        4.291064
      300.000000       20.000000        4.287326
      300.000000       15.000000        4.285276
      300.000000       10.000000        4.325236
      300.000000        5.000000        4.495995
      300.000000    0.000000E+00        4.713192
      300.000000       -5.000000        4.857070
      300.000000      -10.000000        4.546402
      300.000000      -15.000000        4.707004
      300.000000      -20.000000        4.647757
      300.000000      -25.000000        4.412614
      300.000000      -30.000000        4.165242
      300.000000      -35.000000        4.056153
      300.000000      -40.000000        4.043627
      300.000000      -45.000000        4.041357
      300.000000      -50.000000        4.033988
      300.000000      -55.000000        4.017751
      300.000000      -60.000000        3.996566
      300.000000      -65.000000        3.973079
      300.000000      -70.000000        3.959125
      300.000000      -75.000000        3.943719
      300.000000      -80.000000        3.904753
      300.000000      -85.000000        3.788375
      300.000000      -90.000000        3.690505
      315.000000       90.000000        1.488217
      315.000000       85.000000        1.664397
      315.000000       80.000000        1.715351
      315.000000       75.000000        2.203632
      315.000000       70.000000        3.418368
      315.000000       65.000000        3.976023
      315.000000       60.000000        4.196607
      315.000000       55.000000        4.171905
      315.000000       50.000000        4.187663
      315.000000       45.000000        4.239018
      315.000000       40.000000        4.272564
      315.000000       35.000000        4.285197
      315.000000       30.000000        4.289600
      315.000000       25.000000        4.278914
      315.000000       20.000000        4.269269
      315.000000       15.000000        4.256256
      315.000000       10.000000        4.289142
      315.000000        5.000000        4.454491
      315.000000    0.000000E+00        4.676657
      315.000000       -5.000000        4.815111
      315.000000      -10.000000        4.448155
      315.000000      -15.000000        4.683254
      315.000000      -20.000000        4.555750
      315.000000      -25.000000        4.347548
      315.000000      -30.000000        4.122731
      315.000000      -35.000000        4.043042
      315.000000      -40.000000        4.032712
      315.000000      -45.000000        4.030656
      315.000000      -50.000000        4.026421
      315.000000      -55.000000        4.011983
      315.000000      -60.000000        3.993551
      315.000000      -65.000000        3.973450
      315.000000      -70.000000        3.951370
      315.000000      -75.000000        3.912971
      315.000000      -80.000000        3.866349
      315.000000      -85.000000        3.767834
      315.000000      -90.000000        3.695979
      330.000000       90.000000        1.516716
      330.000000       85.000000        1.706937
      330.000000       80.000000        1.962238
      330.000000       75.000000        2.747882
      330.000000       70.000000        3.365760
      330.000000       65.000000        3.849223
      330.000000       60.000000        4.075783
      330.000000       55.000000        4.121389
      330.000000       50.000000        4.162949
      330.000000       45.000000        4.221539
      330.000000       40.000000        4.252406
      330.000000       35.000000        4.264155
      330.000000       30.000000        4.262244
      330.000000       25.000000        4.247111
      330.000000       20.000000        4.232101
      330.000000       15.000000        4.225024
      330.000000       10.000000        4.279672
      330.000000        5.000000        4.446977
      330.000000    0.000000E+00        4.660083
      330.000000       -5.000000        4.682464
      330.000000      -10.000000        4.447701
      330.000000      -15.000000        4.580595
      330.000000      -20.000000        4.427514
      330.000000      -25.000000        4.247172
      330.000000      -30.000000        4.084312
      330.000000      -35.000000        4.037183
      330.000000      -40.000000        4.019835
      330.000000      -45.000000        4.019348
      330.000000      -50.000000        4.015125
      330.000000      -55.000000        4.000919
      330.000000      -60.000000        3.982908
      330.000000      -65.000000        3.956295
      330.000000      -70.000000        3.932257
      330.000000      -75.000000        3.901627
      330.000000      -80.000000        3.866659
      330.000000      -85.000000        3.771387
      330.000000      -90.000000        3.706608
      345.000000       90.000000        1.565172
      345.000000       85.000000        1.806808
      345.000000       80.000000        2.290359
      345.000000       75.000000        2.777369
      345.000000       70.000000        3.256618
      345.000000       65.000000        3.694937
      345.000000       60.000000        3.984455
      345.000000       55.000000        4.041545
      345.000000       50.000000        4.130028
      345.000000       45.000000        4.198941
      345.000000       40.000000        4.224244
      345.000000       35.000000        4.231216
      345.000000       30.000000        4.220576
      345.000000       25.000000        4.207916
      345.000000       20.000000        4.193696
      345.000000       15.000000        4.203006
      345.000000       10.000000        4.297580
      345.000000        5.000000        4.506285
      345.000000    0.000000E+00        4.694428
      345.000000       -5.000000        4.496436
      345.000000      -10.000000        4.483467
      345.000000      -15.000000        4.449675
      345.000000      -20.000000        4.299081
      345.000000      -25.000000        4.143125
      345.000000      -30.000000        4.063118
      345.000000      -35.000000        4.026521
      345.000000      -40.000000        4.010571
      345.000000      -45.000000        4.010566
      345.000000      -50.000000        4.004982
      345.000000      -55.000000        3.991443
      345.000000      -60.000000        3.971627
      345.000000      -65.000000        3.946678
      345.000000      -70.000000        3.921094
      345.000000      -75.000000        3.892814
      345.000000      -80.000000        3.850520
      345.000000      -85.000000        3.769623
      345.000000      -90.000000        3.726714
      360.000000       90.000000        1.565172
      360.000000       85.000000        1.873706
      360.000000       80.000000        2.372410
      360.000000       75.000000        2.766005
      360.000000       70.000000        2.991232
      360.000000       65.000000        3.511642
      360.000000       60.000000        3.867056
      360.000000       55.000000        3.980257
      360.000000       50.000000        4.052296
      360.000000       45.000000        4.111898
      360.000000       40.000000        4.132544
      360.000000       35.000000        4.132781
      360.000000       30.000000        4.125801
      360.000000       25.000000        4.123977
      360.000000       20.000000        4.130402
      360.000000       15.000000        4.179933
      360.000000       10.000000        4.348978
      360.000000        5.000000        4.649124
      360.000000    0.000000E+00        4.789517
      360.000000       -5.000000        4.520020
      360.000000      -10.000000        4.539103
      360.000000      -15.000000        4.375741
      360.000000      -20.000000        4.215188
      360.000000      -25.000000        4.087176
      360.000000      -30.000000        4.059588
      360.000000      -35.000000        4.005347
      360.000000      -40.000000        3.990546
      360.000000      -45.000000        3.992600
      360.000000      -50.000000        3.984020
      360.000000      -55.000000        3.974175
      360.000000      -60.000000        3.960448
      360.000000      -65.000000        3.948693
      360.000000      -70.000000        3.918572
      360.000000      -75.000000        3.875399
      360.000000      -80.000000        3.817988
      360.000000      -85.000000        3.761253
      360.000000      -90.000000        3.726714
