0.0  -90.0  3.8
0.0  -85.0  3.82
0.0  -80.0  3.88
0.0  -75.0  3.94
0.0  -70.0  3.93
0.0  -65.0  3.91
0.0  -60.0  3.9
0.0  -55.0  3.89
0.0  -50.0  3.9
0.0  -45.0  3.9
0.0  -40.0  3.92
0.0  -35.0  3.94
0.0  -30.0  3.98
0.0  -25.0  3.99
0.0  -20.0  4.1
0.0  -15.0  4.24
0.0  -10.0  4.36
0.0  -5.0  4.26
0.0  0.0  4.5
0.0  5.0  4.46
0.0  10.0  4.2
0.0  15.0  4.0
0.0  20.0  3.88
0.0  25.0  3.82
0.0  30.0  3.76
0.0  35.0  3.71
0.0  40.0  3.63
0.0  45.0  3.52
0.0  50.0  3.35
0.0  55.0  3.14
0.0  60.0  2.9
0.0  65.0  2.6
0.0  70.0  2.39
0.0  75.0  2.37
0.0  80.0  2.15
0.0  85.0  1.88
0.0  90.0  1.62
15.0  -90.0  3.82
15.0  -85.0  3.83
15.0  -80.0  3.85
15.0  -75.0  3.93
15.0  -70.0  3.93
15.0  -65.0  3.91
15.0  -60.0  3.9
15.0  -55.0  3.89
15.0  -50.0  3.88
15.0  -45.0  3.89
15.0  -40.0  3.91
15.0  -35.0  3.93
15.0  -30.0  3.96
15.0  -25.0  3.99
15.0  -20.0  4.01
15.0  -15.0  4.13
15.0  -10.0  4.26
15.0  -5.0  4.3
15.0  0.0  4.27
15.0  5.0  4.52
15.0  10.0  4.35
15.0  15.0  4.07
15.0  20.0  3.91
15.0  25.0  3.79
15.0  30.0  3.73
15.0  35.0  3.66
15.0  40.0  3.6
15.0  45.0  3.49
15.0  50.0  3.34
15.0  55.0  3.11
15.0  60.0  2.84
15.0  65.0  2.49
15.0  70.0  2.19
15.0  75.0  2.09
15.0  80.0  2.12
15.0  85.0  1.91
15.0  90.0  1.68
30.0  -90.0  3.83
30.0  -85.0  3.84
30.0  -80.0  3.83
30.0  -75.0  3.88
30.0  -70.0  3.92
30.0  -65.0  3.92
30.0  -60.0  3.89
30.0  -55.0  3.88
30.0  -50.0  3.87
30.0  -45.0  3.88
30.0  -40.0  3.89
30.0  -35.0  3.92
30.0  -30.0  3.95
30.0  -25.0  3.98
30.0  -20.0  3.98
30.0  -15.0  4.04
30.0  -10.0  4.15
30.0  -5.0  4.25
30.0  0.0  4.21
30.0  5.0  4.36
30.0  10.0  4.43
30.0  15.0  4.21
30.0  20.0  3.98
30.0  25.0  3.82
30.0  30.0  3.71
30.0  35.0  3.62
30.0  40.0  3.55
30.0  45.0  3.45
30.0  50.0  3.3
30.0  55.0  3.08
30.0  60.0  2.79
30.0  65.0  2.41
30.0  70.0  1.99
30.0  75.0  1.78
30.0  80.0  1.91
30.0  85.0  1.9
30.0  90.0  1.75
45.0  -90.0  3.85
45.0  -85.0  3.86
45.0  -80.0  3.84
45.0  -75.0  3.83
45.0  -70.0  3.88
45.0  -65.0  3.9
45.0  -60.0  3.89
45.0  -55.0  3.87
45.0  -50.0  3.87
45.0  -45.0  3.87
45.0  -40.0  3.88
45.0  -35.0  3.9
45.0  -30.0  3.93
45.0  -25.0  3.97
45.0  -20.0  3.99
45.0  -15.0  3.98
45.0  -10.0  4.06
45.0  -5.0  4.17
45.0  0.0  4.22
45.0  5.0  4.13
45.0  10.0  4.46
45.0  15.0  4.36
45.0  20.0  4.06
45.0  25.0  3.87
45.0  30.0  3.71
45.0  35.0  3.6
45.0  40.0  3.5
45.0  45.0  3.41
45.0  50.0  3.27
45.0  55.0  3.06
45.0  60.0  2.75
45.0  65.0  2.32
45.0  70.0  1.86
45.0  75.0  1.61
45.0  80.0  1.67
45.0  85.0  1.84
45.0  90.0  1.8
60.0  -90.0  3.87
60.0  -85.0  3.88
60.0  -80.0  3.86
60.0  -75.0  3.83
60.0  -70.0  3.83
60.0  -65.0  3.89
60.0  -60.0  3.88
60.0  -55.0  3.87
60.0  -50.0  3.87
60.0  -45.0  3.87
60.0  -40.0  3.88
60.0  -35.0  3.89
60.0  -30.0  3.92
60.0  -25.0  3.95
60.0  -20.0  3.99
60.0  -15.0  3.98
60.0  -10.0  4.0
60.0  -5.0  4.09
60.0  0.0  4.15
60.0  5.0  4.12
60.0  10.0  4.25
60.0  15.0  4.37
60.0  20.0  4.18
60.0  25.0  3.93
60.0  30.0  3.74
60.0  35.0  3.59
60.0  40.0  3.47
60.0  45.0  3.36
60.0  50.0  3.23
60.0  55.0  3.03
60.0  60.0  2.72
60.0  65.0  2.27
60.0  70.0  1.76
60.0  75.0  1.43
60.0  80.0  1.47
60.0  85.0  1.74
60.0  90.0  1.8
75.0  -90.0  3.88
75.0  -85.0  3.9
75.0  -80.0  3.89
75.0  -75.0  3.86
75.0  -70.0  3.83
75.0  -65.0  3.84
75.0  -60.0  3.87
75.0  -55.0  3.87
75.0  -50.0  3.87
75.0  -45.0  3.87
75.0  -40.0  3.88
75.0  -35.0  3.89
75.0  -30.0  3.91
75.0  -25.0  3.94
75.0  -20.0  3.98
75.0  -15.0  3.99
75.0  -10.0  3.97
75.0  -5.0  4.04
75.0  0.0  4.12
75.0  5.0  4.12
75.0  10.0  4.09
75.0  15.0  4.37
75.0  20.0  4.28
75.0  25.0  3.99
75.0  30.0  3.78
75.0  35.0  3.6
75.0  40.0  3.46
75.0  45.0  3.33
75.0  50.0  3.21
75.0  55.0  3.01
75.0  60.0  2.72
75.0  65.0  2.26
75.0  70.0  1.68
75.0  75.0  1.3
75.0  80.0  1.35
75.0  85.0  1.6
75.0  90.0  1.78
90.0  -90.0  3.89
90.0  -85.0  3.92
90.0  -80.0  3.92
90.0  -75.0  3.91
90.0  -70.0  3.84
90.0  -65.0  3.83
90.0  -60.0  3.86
90.0  -55.0  3.86
90.0  -50.0  3.86
90.0  -45.0  3.85
90.0  -40.0  3.85
90.0  -35.0  3.86
90.0  -30.0  3.87
90.0  -25.0  3.9
90.0  -20.0  3.93
90.0  -15.0  3.94
90.0  -10.0  3.89
90.0  -5.0  3.93
90.0  0.0  3.99
90.0  5.0  3.98
90.0  10.0  3.9
90.0  15.0  4.17
90.0  20.0  4.19
90.0  25.0  3.93
90.0  30.0  3.7
90.0  35.0  3.51
90.0  40.0  3.38
90.0  45.0  3.28
90.0  50.0  3.17
90.0  55.0  3.0
90.0  60.0  2.71
90.0  65.0  2.24
90.0  70.0  1.64
90.0  75.0  1.25
90.0  80.0  1.27
90.0  85.0  1.5
90.0  90.0  1.74
105.0  -90.0  3.9
105.0  -85.0  3.94
105.0  -80.0  3.94
105.0  -75.0  3.95
105.0  -70.0  3.88
105.0  -65.0  3.85
105.0  -60.0  3.87
105.0  -55.0  3.87
105.0  -50.0  3.86
105.0  -45.0  3.85
105.0  -40.0  3.85
105.0  -35.0  3.85
105.0  -30.0  3.86
105.0  -25.0  3.89
105.0  -20.0  3.92
105.0  -15.0  3.93
105.0  -10.0  3.89
105.0  -5.0  3.91
105.0  0.0  3.97
105.0  5.0  3.95
105.0  10.0  3.87
105.0  15.0  4.07
105.0  20.0  4.15
105.0  25.0  3.93
105.0  30.0  3.68
105.0  35.0  3.47
105.0  40.0  3.32
105.0  45.0  3.21
105.0  50.0  3.09
105.0  55.0  2.92
105.0  60.0  2.63
105.0  65.0  2.17
105.0  70.0  1.57
105.0  75.0  1.2
105.0  80.0  1.21
105.0  85.0  1.43
105.0  90.0  1.72
120.0  -90.0  3.9
120.0  -85.0  3.94
120.0  -80.0  3.95
120.0  -75.0  3.96
120.0  -70.0  3.91
120.0  -65.0  3.87
120.0  -60.0  3.89
120.0  -55.0  3.89
120.0  -50.0  3.87
120.0  -45.0  3.86
120.0  -40.0  3.85
120.0  -35.0  3.86
120.0  -30.0  3.87
120.0  -25.0  3.89
120.0  -20.0  3.92
120.0  -15.0  3.93
120.0  -10.0  3.89
120.0  -5.0  3.93
120.0  0.0  4.0
120.0  5.0  3.97
120.0  10.0  3.87
120.0  15.0  4.08
120.0  20.0  4.14
120.0  25.0  3.92
120.0  30.0  3.66
120.0  35.0  3.44
120.0  40.0  3.28
120.0  45.0  3.14
120.0  50.0  3.01
120.0  55.0  2.82
120.0  60.0  2.53
120.0  65.0  2.06
120.0  70.0  1.5
120.0  75.0  1.16
120.0  80.0  1.18
120.0  85.0  1.4
120.0  90.0  1.71
135.0  -90.0  3.89
135.0  -85.0  3.92
135.0  -80.0  3.96
135.0  -75.0  3.95
135.0  -70.0  3.9
135.0  -65.0  3.87
135.0  -60.0  3.91
135.0  -55.0  3.89
135.0  -50.0  3.87
135.0  -45.0  3.86
135.0  -40.0  3.86
135.0  -35.0  3.87
135.0  -30.0  3.88
135.0  -25.0  3.9
135.0  -20.0  3.93
135.0  -15.0  3.93
135.0  -10.0  3.9
135.0  -5.0  3.98
135.0  0.0  4.06
135.0  5.0  3.99
135.0  10.0  3.87
135.0  15.0  4.14
135.0  20.0  4.15
135.0  25.0  3.88
135.0  30.0  3.62
135.0  35.0  3.4
135.0  40.0  3.24
135.0  45.0  3.1
135.0  50.0  2.95
135.0  55.0  2.74
135.0  60.0  2.42
135.0  65.0  1.96
135.0  70.0  1.42
135.0  75.0  1.12
135.0  80.0  1.17
135.0  85.0  1.38
135.0  90.0  1.67
150.0  -90.0  3.88
150.0  -85.0  3.91
150.0  -80.0  3.93
150.0  -75.0  3.91
150.0  -70.0  3.87
150.0  -65.0  3.89
150.0  -60.0  3.91
150.0  -55.0  3.89
150.0  -50.0  3.87
150.0  -45.0  3.86
150.0  -40.0  3.87
150.0  -35.0  3.88
150.0  -30.0  3.89
150.0  -25.0  3.92
150.0  -20.0  3.93
150.0  -15.0  3.93
150.0  -10.0  3.96
150.0  -5.0  4.07
150.0  0.0  4.12
150.0  5.0  4.01
150.0  10.0  3.96
150.0  15.0  4.19
150.0  20.0  4.12
150.0  25.0  3.83
150.0  30.0  3.57
150.0  35.0  3.36
150.0  40.0  3.21
150.0  45.0  3.07
150.0  50.0  2.92
150.0  55.0  2.69
150.0  60.0  2.36
150.0  65.0  1.9
150.0  70.0  1.39
150.0  75.0  1.11
150.0  80.0  1.18
150.0  85.0  1.37
150.0  90.0  1.63
165.0  -90.0  3.87
165.0  -85.0  3.9
165.0  -80.0  3.9
165.0  -75.0  3.88
165.0  -70.0  3.87
165.0  -65.0  3.9
165.0  -60.0  3.89
165.0  -55.0  3.88
165.0  -50.0  3.87
165.0  -45.0  3.87
165.0  -40.0  3.88
165.0  -35.0  3.89
165.0  -30.0  3.91
165.0  -25.0  3.93
165.0  -20.0  3.94
165.0  -15.0  3.94
165.0  -10.0  4.06
165.0  -5.0  4.18
165.0  0.0  4.16
165.0  5.0  3.99
165.0  10.0  4.13
165.0  15.0  4.23
165.0  20.0  4.03
165.0  25.0  3.76
165.0  30.0  3.52
165.0  35.0  3.34
165.0  40.0  3.2
165.0  45.0  3.07
165.0  50.0  2.9
165.0  55.0  2.67
165.0  60.0  2.32
165.0  65.0  1.87
165.0  70.0  1.42
165.0  75.0  1.17
165.0  80.0  1.22
165.0  85.0  1.37
165.0  90.0  1.59
180.0  -90.0  3.85
180.0  -85.0  3.88
180.0  -80.0  3.87
180.0  -75.0  3.87
180.0  -70.0  3.91
180.0  -65.0  3.91
180.0  -60.0  3.89
180.0  -55.0  3.88
180.0  -50.0  3.88
180.0  -45.0  3.88
180.0  -40.0  3.89
180.0  -35.0  3.9
180.0  -30.0  3.92
180.0  -25.0  3.94
180.0  -20.0  3.95
180.0  -15.0  4.01
180.0  -10.0  4.18
180.0  -5.0  4.27
180.0  0.0  4.16
180.0  5.0  4.03
180.0  10.0  4.29
180.0  15.0  4.23
180.0  20.0  3.94
180.0  25.0  3.68
180.0  30.0  3.48
180.0  35.0  3.34
180.0  40.0  3.21
180.0  45.0  3.08
180.0  50.0  2.91
180.0  55.0  2.67
180.0  60.0  2.31
180.0  65.0  1.86
180.0  70.0  1.43
180.0  75.0  1.23
180.0  80.0  1.29
180.0  85.0  1.43
180.0  90.0  1.54
195.0  -90.0  3.84
195.0  -85.0  3.85
195.0  -80.0  3.85
195.0  -75.0  3.89
195.0  -70.0  3.91
195.0  -65.0  3.91
195.0  -60.0  3.89
195.0  -55.0  3.88
195.0  -50.0  3.89
195.0  -45.0  3.89
195.0  -40.0  3.9
195.0  -35.0  3.92
195.0  -30.0  3.93
195.0  -25.0  3.95
195.0  -20.0  3.97
195.0  -15.0  4.14
195.0  -10.0  4.31
195.0  -5.0  4.31
195.0  0.0  4.07
195.0  5.0  4.27
195.0  10.0  4.33
195.0  15.0  4.11
195.0  20.0  3.84
195.0  25.0  3.63
195.0  30.0  3.48
195.0  35.0  3.36
195.0  40.0  3.23
195.0  45.0  3.09
195.0  50.0  2.9
195.0  55.0  2.65
195.0  60.0  2.3
195.0  65.0  1.9
195.0  70.0  1.51
195.0  75.0  1.3
195.0  80.0  1.41
195.0  85.0  1.49
195.0  90.0  1.49
210.0  -90.0  3.82
210.0  -85.0  3.83
210.0  -80.0  3.86
210.0  -75.0  3.91
210.0  -70.0  3.91
210.0  -65.0  3.9
210.0  -60.0  3.89
210.0  -55.0  3.89
210.0  -50.0  3.9
210.0  -45.0  3.91
210.0  -40.0  3.92
210.0  -35.0  3.93
210.0  -30.0  3.94
210.0  -25.0  3.96
210.0  -20.0  4.07
210.0  -15.0  4.27
210.0  -10.0  4.38
210.0  -5.0  4.24
210.0  0.0  4.18
210.0  5.0  4.4
210.0  10.0  4.28
210.0  15.0  4.01
210.0  20.0  3.77
210.0  25.0  3.61
210.0  30.0  3.5
210.0  35.0  3.38
210.0  40.0  3.26
210.0  45.0  3.11
210.0  50.0  2.92
210.0  55.0  2.65
210.0  60.0  2.33
210.0  65.0  1.96
210.0  70.0  1.6
210.0  75.0  1.55
210.0  80.0  1.58
210.0  85.0  1.57
210.0  90.0  1.42
225.0  -90.0  3.8
225.0  -85.0  3.82
225.0  -80.0  3.87
225.0  -75.0  3.91
225.0  -70.0  3.91
225.0  -65.0  3.9
225.0  -60.0  3.9
225.0  -55.0  3.9
225.0  -50.0  3.91
225.0  -45.0  3.92
225.0  -40.0  3.93
225.0  -35.0  3.94
225.0  -30.0  3.95
225.0  -25.0  3.98
225.0  -20.0  4.2
225.0  -15.0  4.41
225.0  -10.0  4.44
225.0  -5.0  4.1
225.0  0.0  4.45
225.0  5.0  4.44
225.0  10.0  4.18
225.0  15.0  3.92
225.0  20.0  3.75
225.0  25.0  3.63
225.0  30.0  3.53
225.0  35.0  3.43
225.0  40.0  3.3
225.0  45.0  3.14
225.0  50.0  2.93
225.0  55.0  2.68
225.0  60.0  2.39
225.0  65.0  2.07
225.0  70.0  1.85
225.0  75.0  1.84
225.0  80.0  1.76
225.0  85.0  1.64
225.0  90.0  1.37
240.0  -90.0  3.78
240.0  -85.0  3.81
240.0  -80.0  3.89
240.0  -75.0  3.91
240.0  -70.0  3.9
240.0  -65.0  3.9
240.0  -60.0  3.9
240.0  -55.0  3.91
240.0  -50.0  3.92
240.0  -45.0  3.93
240.0  -40.0  3.94
240.0  -35.0  3.94
240.0  -30.0  3.97
240.0  -25.0  4.1
240.0  -20.0  4.32
240.0  -15.0  4.48
240.0  -10.0  4.33
240.0  -5.0  4.32
240.0  0.0  4.51
240.0  5.0  4.37
240.0  10.0  4.11
240.0  15.0  3.91
240.0  20.0  3.78
240.0  25.0  3.69
240.0  30.0  3.59
240.0  35.0  3.49
240.0  40.0  3.36
240.0  45.0  3.19
240.0  50.0  2.98
240.0  55.0  2.74
240.0  60.0  2.48
240.0  65.0  2.22
240.0  70.0  2.17
240.0  75.0  2.04
240.0  80.0  1.82
240.0  85.0  1.61
240.0  90.0  1.37
255.0  -90.0  3.77
255.0  -85.0  3.81
255.0  -80.0  3.9
255.0  -75.0  3.91
255.0  -70.0  3.91
255.0  -65.0  3.91
255.0  -60.0  3.91
255.0  -55.0  3.91
255.0  -50.0  3.92
255.0  -45.0  3.92
255.0  -40.0  3.93
255.0  -35.0  3.93
255.0  -30.0  3.98
255.0  -25.0  4.18
255.0  -20.0  4.42
255.0  -15.0  4.54
255.0  -10.0  4.22
255.0  -5.0  4.53
255.0  0.0  4.55
255.0  5.0  4.33
255.0  10.0  4.09
255.0  15.0  3.95
255.0  20.0  3.86
255.0  25.0  3.77
255.0  30.0  3.68
255.0  35.0  3.56
255.0  40.0  3.42
255.0  45.0  3.24
255.0  50.0  3.03
255.0  55.0  2.82
255.0  60.0  2.59
255.0  65.0  2.46
255.0  70.0  2.33
255.0  75.0  2.05
255.0  80.0  1.71
255.0  85.0  1.58
255.0  90.0  1.4
270.0  -90.0  3.76
270.0  -85.0  3.81
270.0  -80.0  3.89
270.0  -75.0  3.91
270.0  -70.0  3.91
270.0  -65.0  3.92
270.0  -60.0  3.92
270.0  -55.0  3.92
270.0  -50.0  3.92
270.0  -45.0  3.93
270.0  -40.0  3.93
270.0  -35.0  3.95
270.0  -30.0  4.03
270.0  -25.0  4.27
270.0  -20.0  4.5
270.0  -15.0  4.55
270.0  -10.0  4.28
270.0  -5.0  4.63
270.0  0.0  4.54
270.0  5.0  4.29
270.0  10.0  4.07
270.0  15.0  3.95
270.0  20.0  3.87
270.0  25.0  3.79
270.0  30.0  3.69
270.0  35.0  3.57
270.0  40.0  3.43
270.0  45.0  3.25
270.0  50.0  3.06
270.0  55.0  2.86
270.0  60.0  2.67
270.0  65.0  2.58
270.0  70.0  2.41
270.0  75.0  1.85
270.0  80.0  1.64
270.0  85.0  1.57
270.0  90.0  1.44
285.0  -90.0  3.76
285.0  -85.0  3.81
285.0  -80.0  3.9
285.0  -75.0  3.92
285.0  -70.0  3.92
285.0  -65.0  3.92
285.0  -60.0  3.91
285.0  -55.0  3.91
285.0  -50.0  3.92
285.0  -45.0  3.92
285.0  -40.0  3.93
285.0  -35.0  3.95
285.0  -30.0  4.05
285.0  -25.0  4.26
285.0  -20.0  4.47
285.0  -15.0  4.47
285.0  -10.0  4.33
285.0  -5.0  4.61
285.0  0.0  4.49
285.0  5.0  4.24
285.0  10.0  4.05
285.0  15.0  3.94
285.0  20.0  3.88
285.0  25.0  3.8
285.0  30.0  3.72
285.0  35.0  3.61
285.0  40.0  3.48
285.0  45.0  3.31
285.0  50.0  3.12
285.0  55.0  2.93
285.0  60.0  2.77
285.0  65.0  2.65
285.0  70.0  2.31
285.0  75.0  1.74
285.0  80.0  1.64
285.0  85.0  1.57
285.0  90.0  1.47
300.0  -90.0  3.76
300.0  -85.0  3.82
300.0  -80.0  3.91
300.0  -75.0  3.93
300.0  -70.0  3.93
300.0  -65.0  3.93
300.0  -60.0  3.92
300.0  -55.0  3.91
300.0  -50.0  3.91
300.0  -45.0  3.91
300.0  -40.0  3.92
300.0  -35.0  3.94
300.0  -30.0  4.02
300.0  -25.0  4.21
300.0  -20.0  4.39
300.0  -15.0  4.41
300.0  -10.0  4.28
300.0  -5.0  4.55
300.0  0.0  4.43
300.0  5.0  4.2
300.0  10.0  4.01
300.0  15.0  3.91
300.0  20.0  3.86
300.0  25.0  3.8
300.0  30.0  3.74
300.0  35.0  3.65
300.0  40.0  3.53
300.0  45.0  3.37
300.0  50.0  3.2
300.0  55.0  3.03
300.0  60.0  2.87
300.0  65.0  2.73
300.0  70.0  2.37
300.0  75.0  1.74
300.0  80.0  1.64
300.0  85.0  1.58
300.0  90.0  1.48
315.0  -90.0  3.77
315.0  -85.0  3.82
315.0  -80.0  3.93
315.0  -75.0  3.95
315.0  -70.0  3.95
315.0  -65.0  3.94
315.0  -60.0  3.92
315.0  -55.0  3.91
315.0  -50.0  3.9
315.0  -45.0  3.9
315.0  -40.0  3.9
315.0  -35.0  3.92
315.0  -30.0  3.97
315.0  -25.0  4.13
315.0  -20.0  4.3
315.0  -15.0  4.38
315.0  -10.0  4.17
315.0  -5.0  4.5
315.0  0.0  4.4
315.0  5.0  4.16
315.0  10.0  3.98
315.0  15.0  3.88
315.0  20.0  3.84
315.0  25.0  3.8
315.0  30.0  3.75
315.0  35.0  3.67
315.0  40.0  3.55
315.0  45.0  3.38
315.0  50.0  3.22
315.0  55.0  3.04
315.0  60.0  2.86
315.0  65.0  2.75
315.0  70.0  2.51
315.0  75.0  1.96
315.0  80.0  1.67
315.0  85.0  1.63
315.0  90.0  1.52
330.0  -90.0  3.79
330.0  -85.0  3.83
330.0  -80.0  3.95
330.0  -75.0  3.96
330.0  -70.0  3.95
330.0  -65.0  3.94
330.0  -60.0  3.92
330.0  -55.0  3.91
330.0  -50.0  3.9
330.0  -45.0  3.89
330.0  -40.0  3.89
330.0  -35.0  3.91
330.0  -30.0  3.94
330.0  -25.0  4.05
330.0  -20.0  4.2
330.0  -15.0  4.3
330.0  -10.0  4.16
330.0  -5.0  4.36
330.0  0.0  4.37
330.0  5.0  4.16
330.0  10.0  3.97
330.0  15.0  3.86
330.0  20.0  3.81
330.0  25.0  3.78
330.0  30.0  3.74
330.0  35.0  3.66
330.0  40.0  3.54
330.0  45.0  3.39
330.0  50.0  3.21
330.0  55.0  3.03
330.0  60.0  2.84
330.0  65.0  2.69
330.0  70.0  2.54
330.0  75.0  2.27
330.0  80.0  1.91
330.0  85.0  1.73
330.0  90.0  1.57
345.0  -90.0  3.8
345.0  -85.0  3.83
345.0  -80.0  3.94
345.0  -75.0  3.97
345.0  -70.0  3.96
345.0  -65.0  3.93
345.0  -60.0  3.91
345.0  -55.0  3.9
345.0  -50.0  3.89
345.0  -45.0  3.88
345.0  -40.0  3.89
345.0  -35.0  3.9
345.0  -30.0  3.92
345.0  -25.0  3.97
345.0  -20.0  4.09
345.0  -15.0  4.2
345.0  -10.0  4.19
345.0  -5.0  4.18
345.0  0.0  4.37
345.0  5.0  4.22
345.0  10.0  3.99
345.0  15.0  3.85
345.0  20.0  3.77
345.0  25.0  3.75
345.0  30.0  3.7
345.0  35.0  3.64
345.0  40.0  3.54
345.0  45.0  3.4
345.0  50.0  3.21
345.0  55.0  3.01
345.0  60.0  2.79
345.0  65.0  2.57
345.0  70.0  2.47
345.0  75.0  2.34
345.0  80.0  2.14
345.0  85.0  1.86
345.0  90.0  1.62
