YYYYMMDD	Kp[8]								Sum	ap[8]								Ap
20121201	1	1	0+	0+	1-	1-	2+	2+	9-	4	4	2	2	3	3	9	9	4
20121202	3-	3-	3-	3-	2	1-	0+	0	14-	12	12	12	12	7	3	2	0	8
20121203	0+	1	1+	1-	1	1	1-	1+	7+	2	4	5	3	4	4	3	5	4
20121204	1+	3-	2	0+	0+	0	0+	0	7	5	12	7	2	2	0	2	0	4
20121205	0	0	0	0+	0	0	1-	1+	2+	0	0	0	2	0	0	3	5	1
20121206	0	0	0	0+	0+	0	0	0	1-	0	0	0	2	2	0	0	0	0
20121207	0	0	0	0	0	0	1-	0	1-	0	0	0	0	0	0	3	0	0
20121208	0	0+	0	0+	0	0	0	0+	1	0	2	0	2	0	0	0	2	1
20121209	1-	1+	0	1-	1-	1	1	3-	8	3	5	0	3	3	4	4	12	4
20121210	2+	1-	1-	1-	0+	0+	1-	0+	6	9	3	3	3	2	2	3	2	3
20121211	1+	1	0	0	0	0	1-	0+	3+	5	4	0	0	0	0	3	2	2
20121212	0	0	1-	0+	1-	0+	0	1-	3-	0	0	3	2	3	2	0	3	2
20121213	2-	1	0	0	0+	0+	1-	0+	4+	6	4	0	0	2	2	3	2	2
20121214	1	1	1-	0+	0	0+	1	2-	6	4	4	3	2	0	2	4	6	3
20121215	2	3-	2-	2-	3	2	2+	2+	18-	7	12	6	6	15	7	9	9	9
20121216	1+	0+	1+	2-	2-	2	2-	1	11	5	2	5	6	6	7	6	4	5
20121217	2+	3-	3-	4-	4-	2+	1-	1-	19-	9	12	12	22	22	9	3	3	12
20121218	2-	2	2-	2+	2-	2+	0+	1+	13+	6	7	6	9	6	9	2	5	6
20121219	1	2+	1	1	1+	1	1	0+	9	4	9	4	4	5	4	4	2	4
20121220	0+	2-	2-	2-	3	3	2	2-	15	2	6	6	6	15	15	7	6	8
20121221	2+	1+	1	1	0+	1-	0+	0+	7+	9	5	4	4	2	3	2	2	4
20121222	0	0	0+	0+	0	0+	0	0	1	0	0	2	2	0	2	0	0	1
20121223	0	0	0	0+	1-	1	0+	0	2+	0	0	0	2	3	4	2	0	1
20121224	0	0	0	0+	0+	2+	1-	0+	4	0	0	0	2	2	9	3	2	2
20121225	1	1-	0	0+	0	1-	1	1+	5	4	3	0	2	0	3	4	5	3
20121226	0+	2-	1-	1-	1	0	0	1-	5	2	6	3	3	4	0	0	3	3
20121227	1-	0	0	0	0	0	0	0	1-	3	0	0	0	0	0	0	0	0
20121228	0	0	0	0+	0+	0	1	1-	2+	0	0	0	2	2	0	4	3	1
20121229	0+	1+	1	1	0+	0	0	1+	5+	2	5	4	4	2	0	0	5	3
20121230	1+	0+	1-	1+	2	2	2-	0+	10-	5	2	3	5	7	7	6	2	5
20121231	0	0	0	0+	0	0+	0+	0+	1+	0	0	0	2	0	2	2	2	1
20130101	0	0	0	0	0+	0	0	0	0+	0	0	0	0	2	0	0	0	0
20130102	0	0	1	1	1-	1-	1	1	5+	0	0	4	4	3	3	4	4	3
20130103	1-	1-	0	0	1-	0	0	0	2	3	3	0	0	3	0	0	0	1
20130104	1-	0	0	0+	0	0	1-	1-	2+	3	0	0	2	0	0	3	3	1
20130105	0	0+	0+	0+	0	0	0+	0	1+	0	2	2	2	0	0	2	0	1
20130106	0	0	0	1-	1	1	2-	1	5+	0	0	0	3	4	4	6	4	3
20130107	1-	0	0+	0+	1-	0	0+	1-	3	3	0	2	2	3	0	2	3	2
20130108	0	1	0+	1	0+	1	1-	3-	7	0	4	2	4	2	4	3	12	4
20130109	2	0+	0	1-	0+	0+	1	1-	5+	7	2	0	3	2	2	4	3	3
20130110	0+	0+	0+	0+	0+	0+	1-	0+	3	2	2	2	2	2	2	3	2	2
20130111	0	0+	0	1	1-	0	1-	2	5-	0	2	0	4	3	0	3	7	2
20130112	2	1	0	0+	1-	0+	1	0+	6-	7	4	0	2	3	2	4	2	3
20130113	2+	1	2-	1	2+	3	3	4	18+	9	4	6	4	9	15	15	27	11
20130114	3+	3-	2-	2	2+	2-	2	1+	17	18	12	6	7	9	6	7	5	9
20130115	2-	1	1+	1-	2-	0+	2-	0+	9-	6	4	5	3	6	2	6	2	4
20130116	0+	1	1-	1	1-	1	3-	3-	10	2	4	3	4	3	4	12	12	6
20130117	3	3+	2-	1+	3	4+	3	3	23-	15	18	6	5	15	32	15	15	15
20130118	3	3+	2-	2-	3	2	2	3	20-	15	18	6	6	15	7	7	15	11
20130119	3+	1	1-	0	1+	2+	2	3	14-	18	4	3	0	5	9	7	15	8
20130120	3+	3+	4-	2-	2+	1-	0	0+	15+	18	18	22	6	9	3	0	2	10
20130121	2-	1	1-	1-	1-	1-	0+	1	7-	6	4	3	3	3	3	2	4	4
20130122	0	0	0	0	0	0	0	0	0	0	0	0	0	0	0	0	0	0
20130123	0	1	1-	0	0	0	0	0+	2	0	4	3	0	0	0	0	2	1
20130124	1-	1-	0	0	0	0	0	0	1+	3	3	0	0	0	0	0	0	1
20130125	0	1-	1	1-	0+	2	2	3+	10	0	3	4	3	2	7	7	18	6
20130126	4+	2+	3+	3+	3	4-	4	4	28	32	9	18	18	15	22	27	27	21
20130127	3+	2+	1	1	1	2	2-	0+	13-	18	9	4	4	4	7	6	2	7
20130128	1-	1	1	0	1	1	2-	2	8+	3	4	4	0	4	4	6	7	4
20130129	1	0	1-	0+	0+	0+	0	0	3-	4	0	3	2	2	2	0	0	2
20130130	0	0	1-	0	0	0	0+	0+	1+	0	0	3	0	0	0	2	2	1
20130131	0	0	1-	0	0	1-	1-	2-	4-	0	0	3	0	0	3	3	6	2
20130201	2	0	0	1	1	2-	1+	2+	9+	7	0	0	4	4	6	5	9	4
20130202	2-	3+	2+	3-	2	2	3	1	18	6	18	9	12	7	7	15	4	10
20130203	3-	1-	0+	1	2-	1	0+	1-	8+	12	3	2	4	6	4	2	3	4
20130204	1-	1-	1	0+	1+	2	2+	0+	9-	3	3	4	2	5	7	9	2	4
20130205	0+	1	1+	1-	1-	0+	0	0	4+	2	4	5	3	3	2	0	0	2
20130206	0	0	0	0	0	0	1-	1	2-	0	0	0	0	0	0	3	4	1
20130207	1	1+	3-	3	2	1	1+	1+	14-	4	5	12	15	7	4	5	5	7
20130208	2-	2+	3	2-	3-	2	1	1+	16-	6	9	15	6	12	7	4	5	8
20130209	2-	2-	1	1-	0	0	1	0+	6+	6	6	4	3	0	0	4	2	3
20130210	2-	2-	1+	1-	0+	1-	2	1	9+	6	6	5	3	2	3	7	4	4
20130211	1+	2-	1-	0+	1-	1	2	2	10-	5	6	3	2	3	4	7	7	5
20130212	1	0+	0	1-	1+	2-	2-	3-	9+	4	2	0	3	5	6	6	12	5
20130213	3-	3	1+	2-	1	1+	3+	4+	19-	12	15	5	6	4	5	18	32	12
20130214	4	4-	3+	3	3-	2	2+	2	23	27	22	18	15	12	7	9	7	15
20130215	0	1	1	1	1-	1+	2	1+	8+	0	4	4	4	3	5	7	5	4
20130216	1-	0	0	1-	2+	4	3+	1	12	3	0	0	3	9	27	18	4	8
20130217	0+	2-	2-	2	3-	3+	3	2	17-	2	6	6	7	12	18	15	7	9
20130218	0+	0	0	0+	1-	1-	1	3+	6+	2	0	0	2	3	3	4	18	4
20130219	0+	1+	1+	2-	2	2+	2	2-	13-	2	5	5	6	7	9	7	6	6
20130220	1+	1+	2-	3	2+	2	2	1	15-	5	5	6	15	9	7	7	4	7
20130221	3	2+	2+	1-	1-	1+	2-	2	14	15	9	9	3	3	5	6	7	7
20130222	2+	3-	2-	2	3	2	2+	3+	19+	9	12	6	7	15	7	9	18	10
20130223	3	1+	0+	2	2+	1	2+	2+	15-	15	5	2	7	9	4	9	9	8
20130224	1-	2-	1-	1	0+	1	0+	1-	6+	3	6	3	4	2	4	2	3	3
20130225	0	0	0+	1-	1	1+	1	2-	6	0	0	2	3	4	5	4	6	3
20130226	1	2-	1	2-	1+	1	2	1	11-	4	6	4	6	5	4	7	4	5
20130227	1	1+	2-	1-	1+	1-	0	1-	7+	4	5	6	3	5	3	0	3	4
20130228	2-	1	2-	1	2-	1-	2-	4	13+	6	4	6	4	6	3	6	27	8
