3.02
3.96
3.34
3.34
3.57
3.76
3.76
3.43
3.63
3.70
3.58
3.59
3.91
4.38
3.58
3.64
3.58
3.21
3.13
3.25
3.25
3.33
3.58
3.63
3.30
3.23
3.66
3.59
3.63
3.56
3.47
3.50
3.46
3.41
3.36
3.45
3.33
3.26
3.28
3.50
3.22
3.42
3.71
3.87
3.70
3.53
3.59
3.34
3.48
3.27
3.64
3.45
3.45
3.75
3.65
3.62
3.49
3.46
3.52
3.27
3.88
3.51
3.47
3.43
3.64
3.48
3.72
3.83
3.57
3.82
3.74
4.34
4.52
4.40
4.42
4.43
5.02
3.64
4.48
4.63
3.98
4.80
4.42
4.54
4.43
4.68
4.41
4.73
4.74
4.54
