 CAPA_3:array[0..255] of Word =
       0000 0001 0023 0057 0079 0100 0130 0150 
        0169 0195 0213 0230 0253 0269 0284 0305 
        0319 0332 0351 0364 0376 0393 0404 0414 
        0429 0439 0449 0462 0471 0479 0491 0499 
        0506 0517 0524 0531 0540 0547 0552 0561 
        0567 0572 0579 0584 0589 0596 0600 0604 
        0610 0614 0618 0623 0627 0630 0635 0638 
        0641 0645 0648 0651 0654 0657 0659 0663 
        0665 0667 0668 0669 0670 0671 0672 0673 
        0674 0675 0676 0677 0678 0679 0680 0681 
        0682 0683 0684 0685 0686 0687 0688 0689 
        0690 0691 0692 0693 0694 0695 0696 0697 
        0698 0699 0700 0701 0702 0703 0704 0705 
        0706 0707 0708 0709 0710 0711 0712 0713 
        0714 0715 0716 0717 0718 0719 0720 0721 
        0722 0723 0724 0725 0726 0727 0728 0729 
        0730 0731 0732 0733 0734 0735 0736 0737 
        0738 0739 0740 0741 0742 0743 0744 0745 
        0746 0747 0748 0749 0750 0751 0752 0753 
        0754 0755 0756 0757 0758 0759 0760 0761 
        0762 0763 0764 0765 0766 0767 0768 0769 
        0770 0771 0772 0773 0774 0775 0776 0777 
        0778 0779 0780 0781 0782 0783 0784 0785 
        0786 0787 0788 0789 0790 0791 0792 0793 
        0795 0797 0801 0803 0806 0809 0812 0815 
        0819 0822 0825 0830 0833 0837 0842 0846 
        0850 0856 0860 0864 0871 0876 0881 0888 
        0893 0899 0903 0913 0920 0929 0936 0943 
        0954 0961 0969 0981 0989 0998 1011 1021 
        1031 1046 1056 1067 1084 1096 1109 1128 
        1141 1155 1176 1191 1207 1230 1247 1265 
        1291 1310 1330 1360 1381 1403 1437 1460