CAPA_2:array[0..255] of Word =
       00000 00004 00159 00273 00415 00516 00642 00732 
        00845 00926 01026 01098 01187 01251 01331 01388 
        01459 01510 01573 01618 01675 01715 01765 01801 
        01846 01878 01918 01947 01982 02008 02039 02062 
        02090 02111 02136 02154 02176 02192 02212 02227 
        02245 02257 02273 02285 02299 02309 02321 02330 
        02342 02350 02360 02367 02376 02382 02390 02396 
        02403 02408 02415 02419 02425 02429 02434 02437 
        02442 02445 02446 02447 02448 02449 02450 02451 
        02452 02453 02454 02455 02456 02457 02458 02459 
        02460 02461 02462 02463 02464 02465 02466 02467 
        02468 02469 02470 02471 02472 02473 02474 02475 
        02476 02477 02478 02479 02480 02481 02482 02483 
        02484 02485 02486 02487 02488 02489 02490 02491 
        02492 02493 02494 02495 02496 02497 02498 02499 
        02500 02501 02502 02503 02504 02505 02506 02507 
        02508 02509 02510 02511 02512 02513 02514 02515 
        02516 02517 02518 02519 02520 02521 02522 02523 
        02524 02525 02526 02527 02528 02529 02530 02531 
        02532 02533 02534 02535 02536 02537 02538 02539 
        02540 02541 02542 02543 02544 02545 02546 02547 
        02548 02549 02550 02551 02552 02553 02554 02555 
        02556 02557 02558 02559 02560 02561 02562 02563 
        02564 02565 02566 02567 02568 02569 02570 02571 
        02574 02579 02582 02587 02591 02597 02602 02608 
        02613 02620 02626 02634 02640 02649 02656 02666 
        02674 02686 02695 02707 02717 02732 02743 02759 
        02772 02789 02804 02824 02840 02862 02880 02906 
        02926 02954 02977 03008 03034 03070 03098 03138 
        03170 03215 03251 03301 03341 03398 03443 03507 
        03557 03628 03685 03765 03829 03918 03990 04091 
        04171 04284 04374 04500 04601 04743 04857 05016