CAPA_1:array[0..255] of DWord =
       000000 000004 009678 018303 025990 032841 038947 044389 
        049240 053562 057415 060849 063909 066637 069068 071234 
        073165 074886 076420 077787 079005 080091 081059 081921 
        082690 083375 083986 084530 085015 085447 085833 086176 
        086482 086755 086998 087214 087408 087580 087773 087870 
        087992 088100 088197 088283 088360 088429 088490 088544 
        088592 088636 088674 088709 088739 088766 088791 088812 
        088832 088849 088864 088878 088890 088901 088911 088919 
        088924 088927 088928 088929 088930 088931 088932 088933 
        088934 088935 088936 088937 088938 088939 088940 088941 
        088942 088943 088944 088945 088946 088947 088948 088949 
        088950 088951 088952 088953 088954 088955 088956 088957 
        088958 088959 088960 088961 088962 088963 088964 088965 
        088966 088967 088968 088969 088970 088971 088972 088973 
        088974 088975 088976 088977 088978 088979 088980 088981 
        088982 088983 088984 088985 088986 088987 088988 088989 
        088990 088991 088992 088993 088994 088995 088996 088997 
        088998 088999 089000 089001 089002 089003 089004 089005 
        089006 089007 089008 089009 089010 089011 089012 089013 
        089014 089015 089016 089017 089018 089019 089020 089021 
        089022 089023 089024 089025 089026 089027 089028 089029 
        089030 089031 089032 089033 089034 089035 089036 089037 
        089038 089039 089040 089041 089042 089043 089044 089045 
        089046 089047 089048 089049 089050 089051 089052 089053 
        089056 089061 089069 089079 089090 089102 089116 089131 
        089148 089168 089189 089214 089241 089271 089306 089344 
        089388 089436 089490 089551 089620 089697 089783 089880 
        089988 090110 090247 090400 090572 090766 090982 091225 
        091498 091804 092147 092533 092965 093450 093994 094605 
        095290 096059 096921 097889 098975 100193 101560 103094 
        104815 106746 108912 111343 114071 117131 120565 124418 
        128740 133591 139033 145139 151990 159677 168302 177980