CAPA_255:array[0..256] of Word =
       00000 03016 06032 09148 12264 14588 16912 18596 
        20280 21608 22936 23988 25040 25864 26688 27340 
        27992 28500 29008 29412 29816 30124 30432 30676 
        30920 31104 31288 31428 31568 31669 31780 31857 
        31944 32006 32068 32114 32160 32196 32232 32263 
        32294 32321 32348 32372 32395 32416 32436 32454 
        32472 32488 32504 32518 32532 32545 32557 32568 
        32579 32589 32598 32608 32617 32625 32633 32639 
        32645 32650 32655 32660 32664 32668 32672 32676 
        32680 32683 32686 32689 32692 32695 32698 32701 
        32704 32706 32708 32710 32712 32714 32716 32718 
        32720 32722 32724 32726 32728 32730 32732 32734 
        32736 32737 32738 32739 32740 32741 32742 32743 
        32744 32745 32746 32747 32748 32749 32750 32751 
        32752 32753 32754 32755 32756 32757 32758 32759 
        32760 32761 32762 32763 32764 32765 32766 32767 
        32768 32769 32770 32771 32772 32773 32774 32775 
        32776 32777 32778 32779 32780 32781 32782 32783 32784 
        32785 32786 32787 32788 32789 32790 32791 32792 
        32793 32794 32795 32796 32797 32798 32799 32800 
        32802 32804 32806 32808 32810 32812 32814 32816 
        32818 32820 32822 32824 32826 32828 32830 32832 
        32835 32838 32841 32844 32847 32850 32853 32856 
        32860 32864 32868 32872 32877 32882 32887 32893 
        32899 32906 32914 32921 32930 32938 32948 32957 
        32968 32979 32992 33004 33018 33032 33048 33064 
        33082 33100 33121 33141 33165 33188 33215 33242 
        33273 33304 33340 33376 33422 33468 33530 33592 
        33674 33756 33862 33968 34108 34248 34432 34616 
        34860 35104 35412 35720 36124 36528 37036 37544 
        38196 38848 39672 40496 41548 42600 43928 45256 
        46940 48624 50948 53272 56388 59504 62520 65535